"Date_statistics","Municipal_health_service","cases.today","cases.yesterday","diff"
2020-12-31,"GGD Noord- en Oost-Gelderland",380,379,1
2021-01-01,"GGD Fryslân",227,229,-2
2021-01-01,"GGD Hart voor Brabant",453,451,2
2021-01-01,"GGD Zaanstreek/Waterland",130,129,1
2021-01-02,"Dienst Gezondheid & Jeugd ZHZ",193,194,-1
2021-01-02,"GGD Groningen",201,200,1
2021-01-02,"GGD Hollands-Midden",367,368,-1
2021-01-02,"Veiligheids- en Gezondheidsregio Gelderland-Midden",377,376,1
2021-01-03,"Dienst Gezondheid & Jeugd ZHZ",233,231,2
2021-01-03,"GGD Amsterdam",327,326,1
2021-01-03,"GGD Brabant-Zuidoost",352,349,3
2021-01-03,"GGD Haaglanden",414,413,1
2021-01-03,"GGD Hart voor Brabant",505,504,1
2021-01-03,"GGD IJsselland",262,263,-1
2021-01-03,"GGD Regio Utrecht",540,539,1
2021-01-03,"GGD West-Brabant",252,251,1
2021-01-03,"GGD Zuid-Limburg",261,260,1
2021-01-03,"Veiligheids- en Gezondheidsregio Gelderland-Midden",371,372,-1
2021-01-04,"GGD Brabant-Zuidoost",397,393,4
2021-01-04,"GGD Drenthe",231,228,3
2021-01-04,"GGD Gelderland-Zuid",333,331,2
2021-01-04,"GGD Gooi en Vechtstreek",96,97,-1
2021-01-04,"GGD Hollands-Midden",385,378,7
2021-01-04,"GGD Regio Utrecht",544,542,2
2021-01-04,"GGD Zuid-Limburg",334,333,1
2021-01-04,"Veiligheids- en Gezondheidsregio Gelderland-Midden",420,419,1
2021-01-05,"Dienst Gezondheid & Jeugd ZHZ",208,206,2
2021-01-05,"GGD Drenthe",230,228,2
2021-01-05,"GGD Gelderland-Zuid",241,239,2
2021-01-05,"GGD Hollands-Midden",356,355,1
2021-01-30,"GGD Hollands-Noorden",207,206,1
2021-02-22,"GGD Haaglanden",234,233,1
2021-03-21,"GGD Zaanstreek/Waterland",145,144,1
2021-07-10,"GGD Amsterdam",1173,1172,1
2021-07-21,"GGD Amsterdam",435,436,-1
2021-08-31,"GGD Rotterdam-Rijnmond",286,285,1
2021-10-07,"GGD Hollands-Midden",162,161,1
2021-10-18,"GGD Amsterdam",340,339,1
2021-10-20,"GGD Limburg-Noord",327,328,-1
2021-10-28,"GGD Regio Utrecht",686,685,1
2021-10-29,"GGD Regio Utrecht",682,683,-1
2021-11-01,"Dienst Gezondheid & Jeugd ZHZ",392,393,-1
2021-11-08,"GGD Limburg-Noord",654,653,1
2021-11-09,"GGD Limburg-Noord",606,605,1
2021-11-10,"GGD Noord- en Oost-Gelderland",1008,1007,1
2021-11-11,"GGD Limburg-Noord",511,509,2
2021-11-12,"GGD Limburg-Noord",449,448,1
2021-11-12,"GGD Noord- en Oost-Gelderland",1000,999,1
2021-11-13,"GGD Brabant-Zuidoost",857,858,-1
2021-11-14,"GGD Limburg-Noord",1037,1040,-3
2021-11-14,"GGD West-Brabant",869,870,-1
2021-11-15,"GGD Amsterdam",1237,1236,1
2021-11-15,"GGD Limburg-Noord",1481,1476,5
2021-11-16,"GGD Limburg-Noord",1147,1142,5
2021-11-16,"GGD Regio Utrecht",1872,1873,-1
2021-11-17,"GGD Limburg-Noord",1153,1148,5
2021-11-18,"GGD Amsterdam",1058,1057,1
2021-11-18,"GGD Haaglanden",1109,1108,1
2021-11-18,"GGD Limburg-Noord",1038,1030,8
2021-11-18,"GGD Rotterdam-Rijnmond",1728,1729,-1
2021-11-19,"GGD Limburg-Noord",1078,1073,5
2021-11-20,"GGD Kennemerland",680,679,1
2021-11-20,"GGD Limburg-Noord",1077,1074,3
2021-11-20,"GGD Regio Utrecht",1725,1724,1
2021-11-21,"GGD Limburg-Noord",897,893,4
2021-11-22,"GGD Brabant-Zuidoost",1082,1083,-1
2021-11-22,"GGD Haaglanden",1129,1128,1
2021-11-22,"GGD Limburg-Noord",1028,1026,2
2021-11-23,"GGD Limburg-Noord",1025,1036,-11
2021-11-23,"GGD Regio Utrecht",1891,1890,1
2021-11-24,"GGD Brabant-Zuidoost",940,941,-1
2021-11-24,"GGD Haaglanden",1032,1031,1
2021-11-24,"GGD Limburg-Noord",933,931,2
2021-11-24,"GGD Noord- en Oost-Gelderland",899,898,1
2021-11-24,"GGD Regio Utrecht",1867,1868,-1
2021-11-24,"GGD Zuid-Limburg",1355,1356,-1
2021-11-25,"GGD Brabant-Zuidoost",940,941,-1
2021-11-25,"GGD Fryslân",800,799,1
2021-11-25,"GGD Haaglanden",989,986,3
2021-11-25,"GGD Kennemerland",690,689,1
2021-11-25,"GGD Limburg-Noord",799,800,-1
2021-11-25,"GGD Noord- en Oost-Gelderland",890,891,-1
2021-11-25,"GGD Zuid-Limburg",1126,1127,-1
2021-11-26,"GGD Limburg-Noord",803,804,-1
2021-11-27,"GGD Haaglanden",1001,1000,1
2021-11-27,"GGD Hollands-Midden",910,909,1
2021-11-27,"GGD Kennemerland",635,634,1
2021-11-27,"GGD Regio Utrecht",1808,1806,2
2021-11-28,"GGD Haaglanden",1267,1268,-1
2021-11-28,"GGD Hollands-Midden",940,939,1
2021-11-28,"GGD Limburg-Noord",722,725,-3
2021-11-28,"GGD Rotterdam-Rijnmond",1359,1358,1
2021-11-29,"GGD Limburg-Noord",1161,1167,-6
2021-11-30,"GGD Brabant-Zuidoost",974,975,-1
2021-11-30,"GGD Haaglanden",1108,1107,1
2021-11-30,"GGD Limburg-Noord",1182,1183,-1
2021-11-30,"GGD Rotterdam-Rijnmond",1593,1592,1
2021-12-01,"GGD Brabant-Zuidoost",969,967,2
2021-12-01,"GGD Hollands-Midden",881,882,-1
2021-12-01,"GGD Limburg-Noord",799,810,-11
2021-12-01,"GGD Regio Utrecht",1809,1810,-1
2021-12-01,"GGD Rotterdam-Rijnmond",1483,1480,3
2021-12-01,"GGD Zuid-Limburg",1078,1079,-1
2021-12-02,"GGD Fryslân",735,734,1
2021-12-02,"GGD Hollands-Midden",908,907,1
2021-12-02,"GGD Limburg-Noord",724,721,3
2021-12-02,"GGD Regio Utrecht",1896,1895,1
2021-12-02,"GGD Rotterdam-Rijnmond",1435,1437,-2
2021-12-02,"Veiligheids- en Gezondheidsregio Gelderland-Midden",703,704,-1
2021-12-03,"GGD Hart voor Brabant",1456,1455,1
2021-12-03,"GGD Hollands-Midden",776,777,-1
2021-12-03,"GGD Limburg-Noord",706,712,-6
2021-12-03,"GGD Regio Utrecht",2050,2051,-1
2021-12-03,"GGD Rotterdam-Rijnmond",1459,1461,-2
2021-12-04,"GGD Brabant-Zuidoost",1027,1028,-1
2021-12-04,"GGD Limburg-Noord",798,802,-4
2021-12-05,"GGD Kennemerland",543,542,1
2021-12-05,"GGD Limburg-Noord",673,675,-2
2021-12-05,"GGD Regio Utrecht",1454,1455,-1
2021-12-06,"GGD Brabant-Zuidoost",827,825,2
2021-12-06,"GGD Regio Utrecht",1304,1305,-1
2021-12-06,"GGD Rotterdam-Rijnmond",1482,1479,3
2021-12-07,"GGD Brabant-Zuidoost",977,978,-1
2021-12-07,"GGD Limburg-Noord",642,641,1
2021-12-07,"GGD Regio Utrecht",1730,1728,2
2021-12-07,"GGD Rotterdam-Rijnmond",1351,1354,-3
2021-12-07,"GGD West-Brabant",808,807,1
2021-12-08,"GGD Brabant-Zuidoost",933,936,-3
2021-12-08,"GGD Limburg-Noord",587,588,-1
2021-12-08,"GGD Regio Utrecht",1669,1668,1
2021-12-09,"GGD Brabant-Zuidoost",736,738,-2
2021-12-09,"GGD Haaglanden",1131,1130,1
2021-12-09,"GGD Regio Utrecht",1824,1822,2
2021-12-09,"GGD Zuid-Limburg",651,650,1
2021-12-10,"GGD Brabant-Zuidoost",538,537,1
2021-12-10,"GGD Haaglanden",902,901,1
2021-12-10,"GGD Regio Utrecht",1772,1770,2
2021-12-10,"GGD Rotterdam-Rijnmond",1268,1267,1
2021-12-11,"GGD Haaglanden",791,792,-1
2021-12-11,"GGD Kennemerland",454,453,1
2021-12-11,"GGD Regio Utrecht",1429,1427,2
2021-12-12,"GGD Fryslân",587,586,1
2021-12-12,"GGD Noord- en Oost-Gelderland",591,592,-1
2021-12-12,"GGD Regio Utrecht",980,979,1
2021-12-13,"GGD Brabant-Zuidoost",643,642,1
2021-12-13,"GGD Haaglanden",887,886,1
2021-12-13,"GGD Hollands-Midden",644,643,1
2021-12-13,"GGD Kennemerland",540,539,1
2021-12-13,"GGD Regio Utrecht",878,881,-3
2021-12-13,"GGD Rotterdam-Rijnmond",1231,1225,6
2021-12-13,"GGD Zuid-Limburg",613,612,1
2021-12-14,"GGD Regio Utrecht",982,985,-3
2021-12-14,"GGD Rotterdam-Rijnmond",1203,1202,1
2021-12-14,"GGD Zaanstreek/Waterland",294,293,1
2021-12-14,"GGD Zeeland",377,376,1
2021-12-14,"GGD Zuid-Limburg",549,550,-1
2021-12-15,"GGD Brabant-Zuidoost",612,613,-1
2021-12-15,"GGD Kennemerland",506,504,2
2021-12-15,"GGD Twente",501,502,-1
2021-12-15,"GGD Zeeland",337,336,1
2021-12-16,"GGD Amsterdam",688,687,1
2021-12-16,"GGD Gelderland-Zuid",364,362,2
2021-12-16,"GGD Gooi en Vechtstreek",221,220,1
2021-12-16,"GGD Hart voor Brabant",754,753,1
2021-12-16,"GGD Kennemerland",359,360,-1
2021-12-16,"GGD Limburg-Noord",363,361,2
2021-12-16,"GGD Noord- en Oost-Gelderland",562,561,1
2021-12-16,"GGD Zuid-Limburg",489,488,1
2021-12-17,"GGD Amsterdam",774,773,1
2021-12-17,"GGD Brabant-Zuidoost",488,486,2
2021-12-17,"GGD Hollands-Midden",529,528,1
2021-12-17,"GGD IJsselland",328,327,1
2021-12-17,"GGD Kennemerland",440,439,1
2021-12-17,"GGD Limburg-Noord",363,361,2
2021-12-17,"GGD Regio Utrecht",1397,1400,-3
2021-12-17,"Veiligheids- en Gezondheidsregio Gelderland-Midden",469,468,1
2021-12-18,"GGD Brabant-Zuidoost",499,498,1
2021-12-18,"GGD Haaglanden",733,731,2
2021-12-18,"GGD IJsselland",320,319,1
2021-12-18,"GGD Kennemerland",425,423,2
2021-12-18,"GGD Limburg-Noord",342,345,-3
2021-12-18,"GGD Rotterdam-Rijnmond",680,679,1
2021-12-19,"Dienst Gezondheid & Jeugd ZHZ",328,327,1
2021-12-19,"GGD Brabant-Zuidoost",491,492,-1
2021-12-19,"GGD Drenthe",269,268,1
2021-12-19,"GGD Hart voor Brabant",703,702,1
2021-12-19,"GGD Kennemerland",407,403,4
2021-12-19,"GGD Limburg-Noord",312,311,1
2021-12-20,"GGD Brabant-Zuidoost",551,553,-2
2021-12-20,"GGD Haaglanden",856,855,1
2021-12-20,"GGD Hart voor Brabant",765,764,1
2021-12-20,"GGD Hollands-Midden",605,603,2
2021-12-20,"GGD Kennemerland",449,450,-1
2021-12-20,"GGD Noord- en Oost-Gelderland",566,565,1
2021-12-20,"GGD Regio Utrecht",983,982,1
2021-12-20,"GGD Rotterdam-Rijnmond",1123,1124,-1
2021-12-20,"GGD Twente",389,387,2
2021-12-21,"GGD Fryslân",496,495,1
2021-12-21,"GGD Haaglanden",885,886,-1
2021-12-21,"GGD Hollands-Midden",580,579,1
2021-12-21,"GGD Kennemerland",385,384,1
2021-12-21,"GGD Limburg-Noord",276,277,-1
2021-12-21,"GGD Noord- en Oost-Gelderland",539,538,1
2021-12-21,"GGD Rotterdam-Rijnmond",1168,1166,2
2021-12-21,"GGD West-Brabant",526,525,1
2021-12-21,"GGD Zaanstreek/Waterland",253,252,1
2021-12-21,"GGD Zeeland",321,320,1
2021-12-21,"Veiligheids- en Gezondheidsregio Gelderland-Midden",466,465,1
2021-12-22,"GGD Amsterdam",1010,1009,1
2021-12-22,"GGD Haaglanden",798,797,1
2021-12-22,"GGD Hart voor Brabant",707,705,2
2021-12-22,"GGD Hollands-Midden",522,521,1
2021-12-22,"GGD IJsselland",302,303,-1
2021-12-22,"GGD Kennemerland",473,474,-1
2021-12-22,"GGD Rotterdam-Rijnmond",985,982,3
2021-12-22,"GGD Twente",335,334,1
2021-12-22,"GGD Zaanstreek/Waterland",238,235,3
2021-12-22,"GGD Zeeland",269,268,1
2021-12-23,"Dienst Gezondheid & Jeugd ZHZ",276,275,1
2021-12-23,"GGD Amsterdam",931,926,5
2021-12-23,"GGD Brabant-Zuidoost",516,515,1
2021-12-23,"GGD Drenthe",283,280,3
2021-12-23,"GGD Fryslân",420,419,1
2021-12-23,"GGD Haaglanden",752,749,3
2021-12-23,"GGD Hart voor Brabant",694,693,1
2021-12-23,"GGD Hollands-Midden",514,515,-1
2021-12-23,"GGD Hollands-Noorden",482,475,7
2021-12-23,"GGD Kennemerland",379,378,1
2021-12-23,"GGD Noord- en Oost-Gelderland",508,507,1
2021-12-23,"GGD Twente",384,385,-1
2021-12-23,"GGD Zuid-Limburg",470,467,3
2021-12-24,"GGD Amsterdam",974,965,9
2021-12-24,"GGD Brabant-Zuidoost",470,468,2
2021-12-24,"GGD Drenthe",281,278,3
2021-12-24,"GGD Flevoland",336,329,7
2021-12-24,"GGD Gelderland-Zuid",340,338,2
2021-12-24,"GGD Gooi en Vechtstreek",264,262,2
2021-12-24,"GGD Haaglanden",831,826,5
2021-12-24,"GGD Hart voor Brabant",728,727,1
2021-12-24,"GGD Hollands-Midden",529,528,1
2021-12-24,"GGD Hollands-Noorden",431,430,1
2021-12-24,"GGD IJsselland",295,294,1
2021-12-24,"GGD Kennemerland",482,480,2
2021-12-24,"GGD Noord- en Oost-Gelderland",489,488,1
2021-12-24,"GGD Regio Utrecht",1128,1125,3
2021-12-24,"GGD Rotterdam-Rijnmond",1342,1341,1
2021-12-24,"GGD Twente",414,412,2
2021-12-24,"GGD West-Brabant",484,483,1
2021-12-24,"GGD Zaanstreek/Waterland",238,242,-4
2021-12-24,"Veiligheids- en Gezondheidsregio Gelderland-Midden",429,427,2
2021-12-25,"Dienst Gezondheid & Jeugd ZHZ",319,315,4
2021-12-25,"GGD Amsterdam",969,961,8
2021-12-25,"GGD Brabant-Zuidoost",497,494,3
2021-12-25,"GGD Drenthe",293,292,1
2021-12-25,"GGD Fryslân",408,407,1
2021-12-25,"GGD Gelderland-Zuid",343,341,2
2021-12-25,"GGD Groningen",300,299,1
2021-12-25,"GGD Haaglanden",741,738,3
2021-12-25,"GGD Hart voor Brabant",742,741,1
2021-12-25,"GGD Hollands-Noorden",387,382,5
2021-12-25,"GGD Limburg-Noord",250,248,2
2021-12-25,"GGD Noord- en Oost-Gelderland",449,447,2
2021-12-25,"GGD Regio Utrecht",995,993,2
2021-12-25,"GGD Rotterdam-Rijnmond",748,746,2
2021-12-25,"GGD Twente",378,376,2
2021-12-25,"GGD Zaanstreek/Waterland",252,249,3
2021-12-25,"GGD Zeeland",258,255,3
2021-12-25,"Veiligheids- en Gezondheidsregio Gelderland-Midden",322,319,3
2021-12-26,"Dienst Gezondheid & Jeugd ZHZ",293,291,2
2021-12-26,"GGD Amsterdam",1048,1036,12
2021-12-26,"GGD Brabant-Zuidoost",489,484,5
2021-12-26,"GGD Drenthe",285,283,2
2021-12-26,"GGD Flevoland",364,360,4
2021-12-26,"GGD Fryslân",459,456,3
2021-12-26,"GGD Gelderland-Zuid",347,342,5
2021-12-26,"GGD Gooi en Vechtstreek",208,207,1
2021-12-26,"GGD Groningen",382,381,1
2021-12-26,"GGD Haaglanden",806,800,6
2021-12-26,"GGD Hart voor Brabant",711,700,11
2021-12-26,"GGD Hollands-Noorden",445,441,4
2021-12-26,"GGD IJsselland",307,302,5
2021-12-26,"GGD Kennemerland",447,449,-2
2021-12-26,"GGD Limburg-Noord",300,296,4
2021-12-26,"GGD Noord- en Oost-Gelderland",488,487,1
2021-12-26,"GGD Regio Utrecht",879,875,4
2021-12-26,"GGD Rotterdam-Rijnmond",709,702,7
2021-12-26,"GGD Twente",421,416,5
2021-12-26,"GGD West-Brabant",475,471,4
2021-12-26,"GGD Zaanstreek/Waterland",247,242,5
2021-12-26,"GGD Zeeland",251,250,1
2021-12-26,"GGD Zuid-Limburg",373,371,2
2021-12-26,"Veiligheids- en Gezondheidsregio Gelderland-Midden",316,314,2
2021-12-27,"Dienst Gezondheid & Jeugd ZHZ",338,331,7
2021-12-27,"GGD Amsterdam",1327,1297,30
2021-12-27,"GGD Drenthe",328,322,6
2021-12-27,"GGD Flevoland",508,499,9
2021-12-27,"GGD Fryslân",515,509,6
2021-12-27,"GGD Gelderland-Zuid",424,421,3
2021-12-27,"GGD Gooi en Vechtstreek",295,288,7
2021-12-27,"GGD Groningen",445,439,6
2021-12-27,"GGD Haaglanden",891,882,9
2021-12-27,"GGD Hart voor Brabant",833,813,20
2021-12-27,"GGD Hollands-Midden",542,537,5
2021-12-27,"GGD Hollands-Noorden",588,579,9
2021-12-27,"GGD IJsselland",383,376,7
2021-12-27,"GGD Kennemerland",646,631,15
2021-12-27,"GGD Limburg-Noord",316,310,6
2021-12-27,"GGD Noord- en Oost-Gelderland",580,565,15
2021-12-27,"GGD Regio Utrecht",854,847,7
2021-12-27,"GGD Rotterdam-Rijnmond",1251,1242,9
2021-12-27,"GGD Twente",535,528,7
2021-12-27,"GGD West-Brabant",595,589,6
2021-12-27,"GGD Zaanstreek/Waterland",367,362,5
2021-12-27,"GGD Zeeland",379,376,3
2021-12-27,"GGD Zuid-Limburg",499,491,8
2021-12-27,"Veiligheids- en Gezondheidsregio Gelderland-Midden",394,384,10
2021-12-28,"Dienst Gezondheid & Jeugd ZHZ",378,356,22
2021-12-28,"GGD Amsterdam",1277,1254,23
2021-12-28,"GGD Brabant-Zuidoost",675,659,16
2021-12-28,"GGD Drenthe",376,370,6
2021-12-28,"GGD Flevoland",465,448,17
2021-12-28,"GGD Fryslân",513,508,5
2021-12-28,"GGD Gelderland-Zuid",515,504,11
2021-12-28,"GGD Gooi en Vechtstreek",275,272,3
2021-12-28,"GGD Groningen",502,491,11
2021-12-28,"GGD Haaglanden",997,981,16
2021-12-28,"GGD Hart voor Brabant",821,782,39
2021-12-28,"GGD Hollands-Midden",676,673,3
2021-12-28,"GGD Hollands-Noorden",544,536,8
2021-12-28,"GGD IJsselland",414,401,13
2021-12-28,"GGD Kennemerland",630,610,20
2021-12-28,"GGD Limburg-Noord",251,247,4
2021-12-28,"GGD Noord- en Oost-Gelderland",648,634,14
2021-12-28,"GGD Regio Utrecht",799,796,3
2021-12-28,"GGD Rotterdam-Rijnmond",1169,1152,17
2021-12-28,"GGD Twente",638,631,7
2021-12-28,"GGD West-Brabant",680,672,8
2021-12-28,"GGD Zaanstreek/Waterland",356,347,9
2021-12-28,"GGD Zeeland",343,334,9
2021-12-28,"GGD Zuid-Limburg",501,492,9
2021-12-28,"Veiligheids- en Gezondheidsregio Gelderland-Midden",522,512,10
2021-12-29,"Dienst Gezondheid & Jeugd ZHZ",313,299,14
2021-12-29,"GGD Amsterdam",1304,1259,45
2021-12-29,"GGD Brabant-Zuidoost",651,626,25
2021-12-29,"GGD Drenthe",395,378,17
2021-12-29,"GGD Flevoland",450,436,14
2021-12-29,"GGD Fryslân",546,531,15
2021-12-29,"GGD Gelderland-Zuid",446,434,12
2021-12-29,"GGD Gooi en Vechtstreek",284,276,8
2021-12-29,"GGD Groningen",420,400,20
2021-12-29,"GGD Haaglanden",743,720,23
2021-12-29,"GGD Hart voor Brabant",663,647,16
2021-12-29,"GGD Hollands-Midden",793,786,7
2021-12-29,"GGD Hollands-Noorden",601,584,17
2021-12-29,"GGD IJsselland",404,391,13
2021-12-29,"GGD Kennemerland",606,587,19
2021-12-29,"GGD Limburg-Noord",459,444,15
2021-12-29,"GGD Noord- en Oost-Gelderland",618,595,23
2021-12-29,"GGD Regio Utrecht",892,875,17
2021-12-29,"GGD Rotterdam-Rijnmond",1124,1101,23
2021-12-29,"GGD Twente",613,588,25
2021-12-29,"GGD West-Brabant",616,594,22
2021-12-29,"GGD Zaanstreek/Waterland",332,299,33
2021-12-29,"GGD Zeeland",315,299,16
2021-12-29,"GGD Zuid-Limburg",490,476,14
2021-12-29,"Veiligheids- en Gezondheidsregio Gelderland-Midden",535,526,9
2021-12-30,"Dienst Gezondheid & Jeugd ZHZ",326,288,38
2021-12-30,"GGD Amsterdam",1161,1075,86
2021-12-30,"GGD Brabant-Zuidoost",589,549,40
2021-12-30,"GGD Drenthe",358,337,21
2021-12-30,"GGD Flevoland",377,343,34
2021-12-30,"GGD Fryslân",445,419,26
2021-12-30,"GGD Gelderland-Zuid",424,384,40
2021-12-30,"GGD Gooi en Vechtstreek",199,188,11
2021-12-30,"GGD Groningen",433,398,35
2021-12-30,"GGD Haaglanden",930,882,48
2021-12-30,"GGD Hart voor Brabant",660,650,10
2021-12-30,"GGD Hollands-Midden",811,799,12
2021-12-30,"GGD Hollands-Noorden",527,474,53
2021-12-30,"GGD IJsselland",357,331,26
2021-12-30,"GGD Kennemerland",591,535,56
2021-12-30,"GGD Limburg-Noord",249,230,19
2021-12-30,"GGD Noord- en Oost-Gelderland",553,515,38
2021-12-30,"GGD Regio Utrecht",1326,1291,35
2021-12-30,"GGD Rotterdam-Rijnmond",1529,1479,50
2021-12-30,"GGD Twente",611,559,52
2021-12-30,"GGD West-Brabant",555,531,24
2021-12-30,"GGD Zaanstreek/Waterland",319,286,33
2021-12-30,"GGD Zeeland",306,282,24
2021-12-30,"GGD Zuid-Limburg",390,359,31
2021-12-30,"Veiligheids- en Gezondheidsregio Gelderland-Midden",436,425,11
2021-12-31,"Dienst Gezondheid & Jeugd ZHZ",322,237,85
2021-12-31,"GGD Amsterdam",1508,1317,191
2021-12-31,"GGD Brabant-Zuidoost",722,663,59
2021-12-31,"GGD Drenthe",330,296,34
2021-12-31,"GGD Flevoland",338,277,61
2021-12-31,"GGD Fryslân",393,344,49
2021-12-31,"GGD Gelderland-Zuid",451,404,47
2021-12-31,"GGD Gooi en Vechtstreek",181,159,22
2021-12-31,"GGD Groningen",430,362,68
2021-12-31,"GGD Haaglanden",1169,1072,97
2021-12-31,"GGD Hart voor Brabant",1252,1187,65
2021-12-31,"GGD Hollands-Midden",805,782,23
2021-12-31,"GGD Hollands-Noorden",504,401,103
2021-12-31,"GGD IJsselland",314,263,51
2021-12-31,"GGD Kennemerland",539,471,68
2021-12-31,"GGD Limburg-Noord",511,469,42
2021-12-31,"GGD Noord- en Oost-Gelderland",489,419,70
2021-12-31,"GGD Regio Utrecht",1643,1585,58
2021-12-31,"GGD Rotterdam-Rijnmond",1561,1497,64
2021-12-31,"GGD Twente",509,439,70
2021-12-31,"GGD West-Brabant",508,460,48
2021-12-31,"GGD Zaanstreek/Waterland",264,204,60
2021-12-31,"GGD Zeeland",267,225,42
2021-12-31,"GGD Zuid-Limburg",455,410,45
2021-12-31,"Veiligheids- en Gezondheidsregio Gelderland-Midden",630,602,28
2022-01-01,"Dienst Gezondheid & Jeugd ZHZ",225,180,45
2022-01-01,"GGD Amsterdam",1067,706,361
2022-01-01,"GGD Brabant-Zuidoost",408,264,144
2022-01-01,"GGD Drenthe",305,237,68
2022-01-01,"GGD Flevoland",279,161,118
2022-01-01,"GGD Fryslân",394,281,113
2022-01-01,"GGD Gelderland-Zuid",420,305,115
2022-01-01,"GGD Gooi en Vechtstreek",183,142,41
2022-01-01,"GGD Groningen",340,216,124
2022-01-01,"GGD Haaglanden",923,742,181
2022-01-01,"GGD Hart voor Brabant",951,786,165
2022-01-01,"GGD Hollands-Midden",535,519,16
2022-01-01,"GGD Hollands-Noorden",362,208,154
2022-01-01,"GGD IJsselland",269,156,113
2022-01-01,"GGD Kennemerland",536,409,127
2022-01-01,"GGD Limburg-Noord",296,221,75
2022-01-01,"GGD Noord- en Oost-Gelderland",418,286,132
2022-01-01,"GGD Regio Utrecht",974,843,131
2022-01-01,"GGD Rotterdam-Rijnmond",794,665,129
2022-01-01,"GGD Twente",463,348,115
2022-01-01,"GGD West-Brabant",432,324,108
2022-01-01,"GGD Zaanstreek/Waterland",312,331,-19
2022-01-01,"GGD Zeeland",221,158,63
2022-01-01,"GGD Zuid-Limburg",337,243,94
2022-01-01,"Veiligheids- en Gezondheidsregio Gelderland-Midden",361,336,25
2022-01-02,"Dienst Gezondheid & Jeugd ZHZ",229,255,-26
2022-01-02,"GGD Amsterdam",1119,966,153
2022-01-02,"GGD Brabant-Zuidoost",530,701,-171
2022-01-02,"GGD Drenthe",310,164,146
2022-01-02,"GGD Flevoland",207,92,115
2022-01-02,"GGD Fryslân",307,140,167
2022-01-02,"GGD Gelderland-Zuid",482,251,231
2022-01-02,"GGD Gooi en Vechtstreek",161,82,79
2022-01-02,"GGD Groningen",289,136,153
2022-01-02,"GGD Haaglanden",523,354,169
2022-01-02,"GGD Hart voor Brabant",786,560,226
2022-01-02,"GGD Hollands-Midden",528,470,58
2022-01-02,"GGD Hollands-Noorden",273,159,114
2022-01-02,"GGD IJsselland",304,151,153
2022-01-02,"GGD Kennemerland",436,249,187
2022-01-02,"GGD Limburg-Noord",186,103,83
2022-01-02,"GGD Noord- en Oost-Gelderland",385,288,97
2022-01-02,"GGD Regio Utrecht",939,915,24
2022-01-02,"GGD Rotterdam-Rijnmond",569,518,51
2022-01-02,"GGD Twente",543,250,293
2022-01-02,"GGD West-Brabant",440,250,190
2022-01-02,"GGD Zaanstreek/Waterland",296,283,13
2022-01-02,"GGD Zeeland",235,95,140
2022-01-02,"GGD Zuid-Limburg",322,166,156
2022-01-02,"Veiligheids- en Gezondheidsregio Gelderland-Midden",491,451,40
2022-01-03,"Dienst Gezondheid & Jeugd ZHZ",528,321,207
2022-01-03,"GGD Amsterdam",1496,895,601
2022-01-03,"GGD Brabant-Zuidoost",821,707,114
2022-01-03,"GGD Drenthe",319,202,117
2022-01-03,"GGD Flevoland",201,120,81
2022-01-03,"GGD Fryslân",161,56,105
2022-01-03,"GGD Gelderland-Zuid",312,256,56
2022-01-03,"GGD Gooi en Vechtstreek",97,51,46
2022-01-03,"GGD Groningen",185,284,-99
2022-01-03,"GGD Haaglanden",783,345,438
2022-01-03,"GGD Hart voor Brabant",897,564,333
2022-01-03,"GGD Hollands-Midden",792,384,408
2022-01-03,"GGD Hollands-Noorden",246,44,202
2022-01-03,"GGD IJsselland",182,163,19
2022-01-03,"GGD Kennemerland",449,481,-32
2022-01-03,"GGD Limburg-Noord",229,51,178
2022-01-03,"GGD Noord- en Oost-Gelderland",557,511,46
2022-01-03,"GGD Regio Utrecht",1131,923,208
2022-01-03,"GGD Rotterdam-Rijnmond",1536,679,857
2022-01-03,"GGD Twente",362,68,294
2022-01-03,"GGD West-Brabant",445,120,325
2022-01-03,"GGD Zaanstreek/Waterland",354,271,83
2022-01-03,"GGD Zeeland",251,114,137
2022-01-03,"GGD Zuid-Limburg",246,88,158
2022-01-03,"Veiligheids- en Gezondheidsregio Gelderland-Midden",681,405,276
2022-01-04,"Dienst Gezondheid & Jeugd ZHZ",127,4,123
2022-01-04,"GGD Amsterdam",1079,48,1031
2022-01-04,"GGD Brabant-Zuidoost",476,32,444
2022-01-04,"GGD Drenthe",214,52,162
2022-01-04,"GGD Gelderland-Zuid",301,76,225
2022-01-04,"GGD Groningen",348,1,347
2022-01-04,"GGD Haaglanden",551,41,510
2022-01-04,"GGD Hart voor Brabant",893,117,776
2022-01-04,"GGD Hollands-Midden",638,46,592
2022-01-04,"GGD Hollands-Noorden",43,1,42
2022-01-04,"GGD IJsselland",170,10,160
2022-01-04,"GGD Kennemerland",464,17,447
2022-01-04,"GGD Noord- en Oost-Gelderland",531,22,509
2022-01-04,"GGD Regio Utrecht",2033,101,1932
2022-01-04,"GGD Rotterdam-Rijnmond",1100,2,1098
2022-01-04,"GGD Twente",75,2,73
2022-01-04,"GGD West-Brabant",326,11,315
2022-01-04,"GGD Zaanstreek/Waterland",98,15,83
2022-01-04,"GGD Zeeland",22,3,19
2022-01-04,"GGD Zuid-Limburg",115,1,114
2022-01-04,"Veiligheids- en Gezondheidsregio Gelderland-Midden",288,24,264
