"Date_statistics","Municipal_health_service","cases.today","cases.yesterday","diff"
2020-04-14,"GGD Hollands-Noorden",13,12,1
2020-06-20,"GGD Haaglanden",15,14,1
2020-10-18,"Dienst Gezondheid & Jeugd ZHZ",260,259,1
2020-10-20,"Dienst Gezondheid & Jeugd ZHZ",346,347,-1
2020-10-30,"GGD Zuid-Limburg",118,117,1
2020-12-30,"GGD Zuid-Limburg",273,274,-1
2021-01-22,"GGD Zuid-Limburg",184,183,1
2021-01-24,"GGD Zuid-Limburg",142,143,-1
2021-02-14,"GGD Hart voor Brabant",242,243,-1
2021-02-16,"GGD Hollands-Midden",213,212,1
2021-03-01,"Dienst Gezondheid & Jeugd ZHZ",175,174,1
2021-03-10,"Dienst Gezondheid & Jeugd ZHZ",225,224,1
2021-03-11,"Veiligheids- en Gezondheidsregio Gelderland-Midden",140,141,-1
2021-03-15,"Dienst Gezondheid & Jeugd ZHZ",283,282,1
2021-03-16,"GGD Haaglanden",444,443,1
2021-03-17,"Dienst Gezondheid & Jeugd ZHZ",260,259,1
2021-03-17,"GGD Gelderland-Zuid",206,205,1
2021-03-18,"GGD Haaglanden",384,385,-1
2021-03-19,"Dienst Gezondheid & Jeugd ZHZ",287,282,5
2021-03-20,"Dienst Gezondheid & Jeugd ZHZ",261,260,1
2021-03-20,"GGD Regio Utrecht",499,500,-1
2021-03-21,"Dienst Gezondheid & Jeugd ZHZ",280,274,6
2021-03-22,"Dienst Gezondheid & Jeugd ZHZ",261,269,-8
2021-03-22,"GGD Rotterdam-Rijnmond",712,711,1
2021-03-23,"Dienst Gezondheid & Jeugd ZHZ",255,248,7
2021-03-23,"GGD Rotterdam-Rijnmond",790,789,1
2021-03-24,"Dienst Gezondheid & Jeugd ZHZ",247,251,-4
2021-03-24,"GGD Haaglanden",477,478,-1
2021-03-24,"GGD Regio Utrecht",544,543,1
2021-03-25,"Dienst Gezondheid & Jeugd ZHZ",243,252,-9
2021-03-25,"GGD Drenthe",185,184,1
2021-03-25,"GGD Regio Twente",171,170,1
2021-03-26,"GGD Drenthe",195,194,1
2021-03-26,"GGD Gelderland-Zuid",221,220,1
2021-03-26,"GGD Haaglanden",514,515,-1
2021-03-27,"Dienst Gezondheid & Jeugd ZHZ",246,245,1
2021-03-27,"GGD Haaglanden",534,533,1
2021-03-27,"GGD Hart voor Brabant",528,527,1
2021-03-27,"GGD Regio Twente",166,167,-1
2021-03-27,"GGD Regio Utrecht",455,454,1
2021-03-27,"GGD Rotterdam-Rijnmond",634,633,1
2021-03-28,"Dienst Gezondheid & Jeugd ZHZ",259,261,-2
2021-03-28,"GGD Noord- en Oost-Gelderland",310,309,1
2021-03-28,"GGD Regio Utrecht",386,385,1
2021-03-28,"Veiligheids- en Gezondheidsregio Gelderland-Midden",181,180,1
2021-03-29,"Dienst Gezondheid & Jeugd ZHZ",216,215,1
2021-03-29,"GGD Amsterdam",402,401,1
2021-03-29,"GGD Brabant-Zuidoost",365,364,1
2021-03-29,"GGD Haaglanden",515,514,1
2021-03-29,"GGD Hollands-Midden",389,388,1
2021-03-29,"GGD Regio Utrecht",467,465,2
2021-03-29,"GGD Rotterdam-Rijnmond",744,743,1
2021-03-29,"GGD Zuid-Limburg",249,248,1
2021-03-30,"GGD Brabant-Zuidoost",360,359,1
2021-03-30,"GGD Kennemerland",229,228,1
2021-03-30,"GGD Regio Twente",175,174,1
2021-03-30,"GGD Regio Utrecht",476,481,-5
2021-03-30,"GGD Rotterdam-Rijnmond",712,711,1
2021-03-31,"GGD Brabant-Zuidoost",332,331,1
2021-03-31,"GGD Hollands-Midden",378,377,1
2021-03-31,"GGD Hollands-Noorden",271,272,-1
2021-03-31,"GGD Kennemerland",224,223,1
2021-03-31,"GGD Limburg-Noord",341,340,1
2021-03-31,"GGD Regio Twente",189,188,1
2021-03-31,"GGD Regio Utrecht",487,485,2
2021-03-31,"GGD Rotterdam-Rijnmond",684,683,1
2021-04-01,"GGD Amsterdam",343,341,2
2021-04-01,"GGD Brabant-Zuidoost",331,330,1
2021-04-01,"GGD Flevoland",120,119,1
2021-04-01,"GGD Fryslân",220,219,1
2021-04-01,"GGD Haaglanden",506,507,-1
2021-04-01,"GGD Hollands-Midden",390,389,1
2021-04-01,"GGD IJsselland",182,181,1
2021-04-01,"GGD Limburg-Noord",342,341,1
2021-04-01,"GGD Noord- en Oost-Gelderland",337,336,1
2021-04-01,"GGD Regio Utrecht",426,425,1
2021-04-01,"GGD Rotterdam-Rijnmond",635,632,3
2021-04-01,"GGD Zaanstreek/Waterland",143,142,1
2021-04-02,"Dienst Gezondheid & Jeugd ZHZ",265,266,-1
2021-04-02,"GGD Amsterdam",316,312,4
2021-04-02,"GGD Brabant-Zuidoost",345,346,-1
2021-04-02,"GGD Haaglanden",448,447,1
2021-04-02,"GGD Hart voor Brabant",521,520,1
2021-04-02,"GGD Hollands-Midden",339,337,2
2021-04-02,"GGD Hollands-Noorden",240,239,1
2021-04-02,"GGD IJsselland",168,167,1
2021-04-02,"GGD Kennemerland",205,204,1
2021-04-02,"GGD Limburg-Noord",292,291,1
2021-04-02,"GGD Noord- en Oost-Gelderland",325,324,1
2021-04-02,"GGD Regio Utrecht",456,457,-1
2021-04-02,"GGD Zuid-Limburg",255,253,2
2021-04-03,"GGD Amsterdam",316,315,1
2021-04-03,"GGD Drenthe",130,129,1
2021-04-03,"GGD Flevoland",146,142,4
2021-04-03,"GGD Gelderland-Zuid",224,221,3
2021-04-03,"GGD Haaglanden",430,427,3
2021-04-03,"GGD Hart voor Brabant",506,505,1
2021-04-03,"GGD Hollands-Midden",311,310,1
2021-04-03,"GGD Kennemerland",207,206,1
2021-04-03,"GGD Limburg-Noord",273,272,1
2021-04-03,"GGD Regio Twente",158,157,1
2021-04-03,"GGD Rotterdam-Rijnmond",685,681,4
2021-04-03,"GGD Zaanstreek/Waterland",141,139,2
2021-04-03,"GGD Zeeland",139,138,1
2021-04-03,"GGD Zuid-Limburg",186,185,1
2021-04-04,"GGD Amsterdam",306,304,2
2021-04-04,"GGD Brabant-Zuidoost",303,300,3
2021-04-04,"GGD Drenthe",124,123,1
2021-04-04,"GGD Fryslân",178,176,2
2021-04-04,"GGD Haaglanden",405,401,4
2021-04-04,"GGD Hart voor Brabant",477,473,4
2021-04-04,"GGD Hollands-Midden",350,348,2
2021-04-04,"GGD IJsselland",134,133,1
2021-04-04,"GGD Kennemerland",184,183,1
2021-04-04,"GGD Noord- en Oost-Gelderland",286,285,1
2021-04-04,"GGD Regio Twente",158,157,1
2021-04-04,"GGD Zeeland",146,144,2
2021-04-04,"Veiligheids- en Gezondheidsregio Gelderland-Midden",215,214,1
2021-04-05,"Dienst Gezondheid & Jeugd ZHZ",259,255,4
2021-04-05,"GGD Amsterdam",357,353,4
2021-04-05,"GGD Brabant-Zuidoost",300,299,1
2021-04-05,"GGD Flevoland",120,119,1
2021-04-05,"GGD Fryslân",183,181,2
2021-04-05,"GGD Gelderland-Zuid",234,233,1
2021-04-05,"GGD Haaglanden",459,456,3
2021-04-05,"GGD Hart voor Brabant",533,529,4
2021-04-05,"GGD Hollands-Midden",357,355,2
2021-04-05,"GGD Hollands-Noorden",235,234,1
2021-04-05,"GGD IJsselland",156,154,2
2021-04-05,"GGD Kennemerland",182,180,2
2021-04-05,"GGD Limburg-Noord",276,274,2
2021-04-05,"GGD Noord- en Oost-Gelderland",276,275,1
2021-04-05,"GGD Regio Twente",198,197,1
2021-04-05,"GGD Regio Utrecht",461,459,2
2021-04-05,"GGD Rotterdam-Rijnmond",615,611,4
2021-04-05,"GGD Zeeland",137,135,2
2021-04-05,"GGD Zuid-Limburg",253,252,1
2021-04-05,"Veiligheids- en Gezondheidsregio Gelderland-Midden",219,217,2
2021-04-06,"Dienst Gezondheid & Jeugd ZHZ",279,278,1
2021-04-06,"GGD Amsterdam",374,366,8
2021-04-06,"GGD Brabant-Zuidoost",376,373,3
2021-04-06,"GGD Drenthe",171,170,1
2021-04-06,"GGD Flevoland",154,153,1
2021-04-06,"GGD Gelderland-Zuid",281,279,2
2021-04-06,"GGD Haaglanden",512,510,2
2021-04-06,"GGD Hart voor Brabant",620,613,7
2021-04-06,"GGD Hollands-Midden",411,406,5
2021-04-06,"GGD Hollands-Noorden",274,271,3
2021-04-06,"GGD IJsselland",145,142,3
2021-04-06,"GGD Kennemerland",219,217,2
2021-04-06,"GGD Limburg-Noord",348,345,3
2021-04-06,"GGD Noord- en Oost-Gelderland",321,316,5
2021-04-06,"GGD Regio Twente",202,200,2
2021-04-06,"GGD Regio Utrecht",525,526,-1
2021-04-06,"GGD Rotterdam-Rijnmond",729,715,14
2021-04-06,"GGD West-Brabant",348,345,3
2021-04-06,"GGD Zaanstreek/Waterland",156,155,1
2021-04-06,"GGD Zeeland",167,166,1
2021-04-06,"GGD Zuid-Limburg",260,259,1
2021-04-06,"Veiligheids- en Gezondheidsregio Gelderland-Midden",264,263,1
2021-04-07,"Dienst Gezondheid & Jeugd ZHZ",320,315,5
2021-04-07,"GGD Amsterdam",373,368,5
2021-04-07,"GGD Brabant-Zuidoost",416,414,2
2021-04-07,"GGD Flevoland",154,152,2
2021-04-07,"GGD Fryslân",211,206,5
2021-04-07,"GGD Groningen",151,150,1
2021-04-07,"GGD Haaglanden",511,503,8
2021-04-07,"GGD Hart voor Brabant",585,580,5
2021-04-07,"GGD Hollands-Midden",388,384,4
2021-04-07,"GGD Hollands-Noorden",266,263,3
2021-04-07,"GGD IJsselland",185,180,5
2021-04-07,"GGD Kennemerland",199,197,2
2021-04-07,"GGD Limburg-Noord",355,345,10
2021-04-07,"GGD Noord- en Oost-Gelderland",364,360,4
2021-04-07,"GGD Regio Twente",220,218,2
2021-04-07,"GGD Regio Utrecht",569,567,2
2021-04-07,"GGD Rotterdam-Rijnmond",758,752,6
2021-04-07,"GGD West-Brabant",323,319,4
2021-04-07,"GGD Zaanstreek/Waterland",151,147,4
2021-04-07,"GGD Zeeland",166,164,2
2021-04-07,"GGD Zuid-Limburg",291,286,5
2021-04-07,"Veiligheids- en Gezondheidsregio Gelderland-Midden",289,287,2
2021-04-08,"Dienst Gezondheid & Jeugd ZHZ",240,236,4
2021-04-08,"GGD Amsterdam",356,352,4
2021-04-08,"GGD Brabant-Zuidoost",409,403,6
2021-04-08,"GGD Drenthe",143,137,6
2021-04-08,"GGD Flevoland",133,129,4
2021-04-08,"GGD Fryslân",185,182,3
2021-04-08,"GGD Gelderland-Zuid",266,263,3
2021-04-08,"GGD Groningen",135,133,2
2021-04-08,"GGD Haaglanden",489,482,7
2021-04-08,"GGD Hart voor Brabant",546,541,5
2021-04-08,"GGD Hollands-Midden",345,342,3
2021-04-08,"GGD Hollands-Noorden",263,261,2
2021-04-08,"GGD IJsselland",147,145,2
2021-04-08,"GGD Limburg-Noord",334,333,1
2021-04-08,"GGD Noord- en Oost-Gelderland",345,336,9
2021-04-08,"GGD Regio Twente",203,201,2
2021-04-08,"GGD Regio Utrecht",484,473,11
2021-04-08,"GGD Rotterdam-Rijnmond",692,679,13
2021-04-08,"GGD West-Brabant",325,323,2
2021-04-08,"GGD Zaanstreek/Waterland",119,118,1
2021-04-08,"GGD Zeeland",147,143,4
2021-04-08,"GGD Zuid-Limburg",291,285,6
2021-04-08,"Veiligheids- en Gezondheidsregio Gelderland-Midden",232,229,3
2021-04-09,"Dienst Gezondheid & Jeugd ZHZ",245,235,10
2021-04-09,"GGD Amsterdam",318,303,15
2021-04-09,"GGD Brabant-Zuidoost",347,343,4
2021-04-09,"GGD Drenthe",124,121,3
2021-04-09,"GGD Flevoland",157,151,6
2021-04-09,"GGD Fryslân",199,195,4
2021-04-09,"GGD Gelderland-Zuid",257,254,3
2021-04-09,"GGD Groningen",141,138,3
2021-04-09,"GGD Haaglanden",493,477,16
2021-04-09,"GGD Hart voor Brabant",528,504,24
2021-04-09,"GGD Hollands-Midden",362,351,11
2021-04-09,"GGD Hollands-Noorden",258,251,7
2021-04-09,"GGD IJsselland",159,154,5
2021-04-09,"GGD Kennemerland",178,175,3
2021-04-09,"GGD Limburg-Noord",362,351,11
2021-04-09,"GGD Noord- en Oost-Gelderland",289,278,11
2021-04-09,"GGD Regio Twente",190,181,9
2021-04-09,"GGD Regio Utrecht",454,440,14
2021-04-09,"GGD Rotterdam-Rijnmond",610,581,29
2021-04-09,"GGD West-Brabant",335,327,8
2021-04-09,"GGD Zeeland",141,134,7
2021-04-09,"GGD Zuid-Limburg",295,283,12
2021-04-09,"Veiligheids- en Gezondheidsregio Gelderland-Midden",239,231,8
2021-04-10,"Dienst Gezondheid & Jeugd ZHZ",275,268,7
2021-04-10,"GGD Amsterdam",285,267,18
2021-04-10,"GGD Brabant-Zuidoost",304,285,19
2021-04-10,"GGD Drenthe",154,151,3
2021-04-10,"GGD Flevoland",132,127,5
2021-04-10,"GGD Fryslân",170,163,7
2021-04-10,"GGD Gelderland-Zuid",230,222,8
2021-04-10,"GGD Gooi en Vechtstreek",91,88,3
2021-04-10,"GGD Groningen",124,116,8
2021-04-10,"GGD Haaglanden",453,440,13
2021-04-10,"GGD Hart voor Brabant",543,522,21
2021-04-10,"GGD Hollands-Midden",363,343,20
2021-04-10,"GGD Hollands-Noorden",268,257,11
2021-04-10,"GGD IJsselland",162,159,3
2021-04-10,"GGD Kennemerland",198,191,7
2021-04-10,"GGD Limburg-Noord",298,290,8
2021-04-10,"GGD Noord- en Oost-Gelderland",303,297,6
2021-04-10,"GGD Regio Twente",189,183,6
2021-04-10,"GGD Regio Utrecht",411,392,19
2021-04-10,"GGD Rotterdam-Rijnmond",596,538,58
2021-04-10,"GGD West-Brabant",268,255,13
2021-04-10,"GGD Zaanstreek/Waterland",110,107,3
2021-04-10,"GGD Zeeland",157,148,9
2021-04-10,"GGD Zuid-Limburg",257,249,8
2021-04-10,"Veiligheids- en Gezondheidsregio Gelderland-Midden",254,246,8
2021-04-11,"Dienst Gezondheid & Jeugd ZHZ",226,215,11
2021-04-11,"GGD Amsterdam",240,216,24
2021-04-11,"GGD Brabant-Zuidoost",299,269,30
2021-04-11,"GGD Drenthe",113,112,1
2021-04-11,"GGD Flevoland",117,103,14
2021-04-11,"GGD Fryslân",185,168,17
2021-04-11,"GGD Gelderland-Zuid",216,204,12
2021-04-11,"GGD Groningen",116,106,10
2021-04-11,"GGD Haaglanden",411,385,26
2021-04-11,"GGD Hart voor Brabant",501,460,41
2021-04-11,"GGD Hollands-Midden",319,294,25
2021-04-11,"GGD Hollands-Noorden",190,172,18
2021-04-11,"GGD IJsselland",116,111,5
2021-04-11,"GGD Kennemerland",174,161,13
2021-04-11,"GGD Limburg-Noord",250,223,27
2021-04-11,"GGD Noord- en Oost-Gelderland",285,263,22
2021-04-11,"GGD Regio Twente",171,158,13
2021-04-11,"GGD Regio Utrecht",402,352,50
2021-04-11,"GGD Rotterdam-Rijnmond",567,498,69
2021-04-11,"GGD West-Brabant",270,256,14
2021-04-11,"GGD Zaanstreek/Waterland",133,125,8
2021-04-11,"GGD Zeeland",133,123,10
2021-04-11,"GGD Zuid-Limburg",251,228,23
2021-04-11,"Veiligheids- en Gezondheidsregio Gelderland-Midden",187,167,20
2021-04-12,"Dienst Gezondheid & Jeugd ZHZ",273,238,35
2021-04-12,"GGD Amsterdam",272,238,34
2021-04-12,"GGD Brabant-Zuidoost",296,240,56
2021-04-12,"GGD Drenthe",116,105,11
2021-04-12,"GGD Flevoland",136,114,22
2021-04-12,"GGD Fryslân",189,168,21
2021-04-12,"GGD Gelderland-Zuid",226,191,35
2021-04-12,"GGD Gooi en Vechtstreek",67,62,5
2021-04-12,"GGD Groningen",105,82,23
2021-04-12,"GGD Haaglanden",418,362,56
2021-04-12,"GGD Hart voor Brabant",472,420,52
2021-04-12,"GGD Hollands-Midden",349,295,54
2021-04-12,"GGD Hollands-Noorden",206,175,31
2021-04-12,"GGD IJsselland",153,126,27
2021-04-12,"GGD Kennemerland",164,149,15
2021-04-12,"GGD Limburg-Noord",271,215,56
2021-04-12,"GGD Noord- en Oost-Gelderland",276,230,46
2021-04-12,"GGD Regio Twente",172,152,20
2021-04-12,"GGD Regio Utrecht",390,325,65
2021-04-12,"GGD Rotterdam-Rijnmond",549,447,102
2021-04-12,"GGD West-Brabant",288,251,37
2021-04-12,"GGD Zaanstreek/Waterland",109,95,14
2021-04-12,"GGD Zeeland",140,117,23
2021-04-12,"GGD Zuid-Limburg",214,178,36
2021-04-12,"Veiligheids- en Gezondheidsregio Gelderland-Midden",199,179,20
2021-04-13,"Dienst Gezondheid & Jeugd ZHZ",213,176,37
2021-04-13,"GGD Amsterdam",266,221,45
2021-04-13,"GGD Brabant-Zuidoost",246,194,52
2021-04-13,"GGD Drenthe",98,78,20
2021-04-13,"GGD Flevoland",103,75,28
2021-04-13,"GGD Fryslân",169,130,39
2021-04-13,"GGD Gelderland-Zuid",215,168,47
2021-04-13,"GGD Gooi en Vechtstreek",72,55,17
2021-04-13,"GGD Groningen",78,50,28
2021-04-13,"GGD Haaglanden",417,343,74
2021-04-13,"GGD Hart voor Brabant",411,346,65
2021-04-13,"GGD Hollands-Midden",344,256,88
2021-04-13,"GGD Hollands-Noorden",160,115,45
2021-04-13,"GGD IJsselland",166,138,28
2021-04-13,"GGD Kennemerland",157,127,30
2021-04-13,"GGD Limburg-Noord",237,152,85
2021-04-13,"GGD Noord- en Oost-Gelderland",191,122,69
2021-04-13,"GGD Regio Twente",147,125,22
2021-04-13,"GGD Regio Utrecht",417,340,77
2021-04-13,"GGD Rotterdam-Rijnmond",437,403,34
2021-04-13,"GGD West-Brabant",241,200,41
2021-04-13,"GGD Zaanstreek/Waterland",100,78,22
2021-04-13,"GGD Zeeland",112,60,52
2021-04-13,"GGD Zuid-Limburg",210,148,62
2021-04-13,"Veiligheids- en Gezondheidsregio Gelderland-Midden",183,144,39
2021-04-14,"Dienst Gezondheid & Jeugd ZHZ",257,304,-47
2021-04-14,"GGD Amsterdam",191,156,35
2021-04-14,"GGD Brabant-Zuidoost",252,268,-16
2021-04-14,"GGD Drenthe",86,60,26
2021-04-14,"GGD Flevoland",64,45,19
2021-04-14,"GGD Fryslân",124,75,49
2021-04-14,"GGD Gelderland-Zuid",154,98,56
2021-04-14,"GGD Gooi en Vechtstreek",61,43,18
2021-04-14,"GGD Groningen",107,132,-25
2021-04-14,"GGD Haaglanden",316,207,109
2021-04-14,"GGD Hart voor Brabant",309,323,-14
2021-04-14,"GGD Hollands-Midden",222,151,71
2021-04-14,"GGD Hollands-Noorden",114,71,43
2021-04-14,"GGD IJsselland",117,123,-6
2021-04-14,"GGD Kennemerland",124,109,15
2021-04-14,"GGD Limburg-Noord",182,110,72
2021-04-14,"GGD Noord- en Oost-Gelderland",205,230,-25
2021-04-14,"GGD Regio Twente",99,107,-8
2021-04-14,"GGD Regio Utrecht",411,437,-26
2021-04-14,"GGD Rotterdam-Rijnmond",369,500,-131
2021-04-14,"GGD West-Brabant",182,114,68
2021-04-14,"GGD Zeeland",112,84,28
2021-04-14,"GGD Zuid-Limburg",180,127,53
2021-04-14,"Veiligheids- en Gezondheidsregio Gelderland-Midden",159,146,13
2021-04-15,"Dienst Gezondheid & Jeugd ZHZ",240,184,56
2021-04-15,"GGD Amsterdam",246,262,-16
2021-04-15,"GGD Brabant-Zuidoost",281,293,-12
2021-04-15,"GGD Drenthe",61,47,14
2021-04-15,"GGD Flevoland",56,26,30
2021-04-15,"GGD Fryslân",102,44,58
2021-04-15,"GGD Gelderland-Zuid",108,118,-10
2021-04-15,"GGD Gooi en Vechtstreek",47,34,13
2021-04-15,"GGD Groningen",94,89,5
2021-04-15,"GGD Haaglanden",229,254,-25
2021-04-15,"GGD Hart voor Brabant",403,454,-51
2021-04-15,"GGD Hollands-Midden",163,211,-48
2021-04-15,"GGD Hollands-Noorden",114,35,79
2021-04-15,"GGD IJsselland",144,129,15
2021-04-15,"GGD Kennemerland",101,174,-73
2021-04-15,"GGD Limburg-Noord",126,35,91
2021-04-15,"GGD Noord- en Oost-Gelderland",268,226,42
2021-04-15,"GGD Regio Twente",197,254,-57
2021-04-15,"GGD Regio Utrecht",308,272,36
2021-04-15,"GGD Rotterdam-Rijnmond",607,395,212
2021-04-15,"GGD West-Brabant",128,53,75
2021-04-15,"GGD Zaanstreek/Waterland",120,133,-13
2021-04-15,"GGD Zeeland",71,15,56
2021-04-15,"GGD Zuid-Limburg",137,75,62
2021-04-15,"Veiligheids- en Gezondheidsregio Gelderland-Midden",174,155,19
2021-04-16,"Dienst Gezondheid & Jeugd ZHZ",163,40,123
2021-04-16,"GGD Amsterdam",190,29,161
2021-04-16,"GGD Brabant-Zuidoost",228,11,217
2021-04-16,"GGD Fryslân",28,1,27
2021-04-16,"GGD Gelderland-Zuid",97,29,68
2021-04-16,"GGD Groningen",92,9,83
2021-04-16,"GGD Haaglanden",251,16,235
2021-04-16,"GGD Hart voor Brabant",392,43,349
2021-04-16,"GGD Hollands-Midden",160,82,78
2021-04-16,"GGD Hollands-Noorden",48,1,47
2021-04-16,"GGD IJsselland",156,18,138
2021-04-16,"GGD Kennemerland",196,30,166
2021-04-16,"GGD Noord- en Oost-Gelderland",393,2,391
2021-04-16,"GGD Regio Twente",128,10,118
2021-04-16,"GGD Regio Utrecht",341,89,252
2021-04-16,"GGD Rotterdam-Rijnmond",436,1,435
2021-04-16,"GGD Zaanstreek/Waterland",135,5,130
2021-04-16,"GGD Zeeland",27,1,26
2021-04-16,"GGD Zuid-Limburg",95,31,64
2021-04-16,"Veiligheids- en Gezondheidsregio Gelderland-Midden",147,17,130
