"Date_statistics","Municipal_health_service","cases.today","cases.yesterday","diff"
2020-12-26,"GGD Rotterdam-Rijnmond",436,437,-1
2021-01-02,"GGD Rotterdam-Rijnmond",376,377,-1
2021-01-11,"GGD Haaglanden",283,282,1
2021-01-18,"GGD Twente",317,316,1
2021-01-28,"GGD Zuid-Limburg",162,161,1
2021-01-29,"GGD Drenthe",139,141,-2
2021-01-29,"GGD Zuid-Limburg",134,133,1
2021-01-31,"Dienst Gezondheid & Jeugd ZHZ",80,78,2
2021-01-31,"GGD Hollands-Midden",145,144,1
2021-02-01,"GGD Drenthe",111,110,1
2021-05-01,"GGD Zeeland",147,145,2
2021-05-05,"GGD Hart voor Brabant",610,611,-1
2021-07-22,"GGD Gelderland-Zuid",162,163,-1
2021-11-03,"Dienst Gezondheid & Jeugd ZHZ",411,412,-1
2021-11-04,"Dienst Gezondheid & Jeugd ZHZ",473,472,1
2021-11-06,"Dienst Gezondheid & Jeugd ZHZ",527,526,1
2021-11-08,"Dienst Gezondheid & Jeugd ZHZ",604,603,1
2021-11-09,"Dienst Gezondheid & Jeugd ZHZ",582,576,6
2021-11-09,"GGD Twente",632,631,1
2021-11-10,"Dienst Gezondheid & Jeugd ZHZ",603,592,11
2021-11-11,"Dienst Gezondheid & Jeugd ZHZ",593,591,2
2021-11-11,"GGD Brabant-Zuidoost",494,493,1
2021-11-12,"Dienst Gezondheid & Jeugd ZHZ",678,676,2
2021-11-13,"Dienst Gezondheid & Jeugd ZHZ",650,666,-16
2021-11-14,"Dienst Gezondheid & Jeugd ZHZ",686,692,-6
2021-11-15,"Dienst Gezondheid & Jeugd ZHZ",712,713,-1
2021-11-15,"GGD Gelderland-Zuid",820,821,-1
2021-11-16,"GGD West-Brabant",796,795,1
2021-11-17,"GGD Rotterdam-Rijnmond",1788,1787,1
2021-11-18,"GGD Limburg-Noord",1039,1038,1
2021-11-18,"GGD Twente",870,869,1
2021-11-22,"GGD Amsterdam",1150,1149,1
2021-11-22,"GGD Twente",862,861,1
2021-11-24,"GGD Kennemerland",752,751,1
2021-11-25,"GGD Noord- en Oost-Gelderland",893,892,1
2021-11-28,"Dienst Gezondheid & Jeugd ZHZ",562,563,-1
2021-11-30,"GGD Rotterdam-Rijnmond",1595,1594,1
2021-12-06,"GGD Limburg-Noord",650,649,1
2021-12-06,"GGD Noord- en Oost-Gelderland",809,810,-1
2021-12-08,"GGD Regio Utrecht",1673,1672,1
2021-12-08,"GGD West-Brabant",749,748,1
2021-12-10,"GGD Noord- en Oost-Gelderland",758,757,1
2021-12-11,"GGD Amsterdam",614,613,1
2021-12-19,"GGD Noord- en Oost-Gelderland",542,543,-1
2021-12-20,"GGD IJsselland",295,294,1
2021-12-20,"GGD Rotterdam-Rijnmond",1121,1122,-1
2021-12-24,"GGD Regio Utrecht",1135,1136,-1
2021-12-24,"GGD Rotterdam-Rijnmond",1369,1368,1
2021-12-25,"GGD Rotterdam-Rijnmond",758,759,-1
2021-12-26,"GGD IJsselland",321,320,1
2021-12-26,"GGD Rotterdam-Rijnmond",728,727,1
2021-12-27,"GGD Rotterdam-Rijnmond",1279,1276,3
2021-12-28,"GGD Hart voor Brabant",835,834,1
2021-12-28,"GGD IJsselland",427,426,1
2021-12-28,"GGD Rotterdam-Rijnmond",1197,1195,2
2021-12-29,"GGD Rotterdam-Rijnmond",1169,1170,-1
2021-12-30,"GGD Noord- en Oost-Gelderland",604,603,1
2021-12-31,"GGD Amsterdam",1771,1770,1
2021-12-31,"GGD Rotterdam-Rijnmond",1698,1697,1
2022-01-01,"GGD Rotterdam-Rijnmond",997,995,2
2022-01-02,"GGD Rotterdam-Rijnmond",860,857,3
2022-01-03,"GGD Rotterdam-Rijnmond",2072,2075,-3
2022-01-04,"GGD Amsterdam",2610,2609,1
2022-01-04,"GGD IJsselland",704,703,1
2022-01-04,"GGD Rotterdam-Rijnmond",2892,2894,-2
2022-01-04,"GGD Zaanstreek/Waterland",681,680,1
2022-01-05,"GGD Zaanstreek/Waterland",941,938,3
2022-01-06,"GGD Amsterdam",2679,2678,1
2022-01-06,"GGD Haaglanden",1986,1985,1
2022-01-06,"GGD Hart voor Brabant",1893,1892,1
2022-01-06,"GGD Rotterdam-Rijnmond",2865,2863,2
2022-01-07,"GGD Flevoland",717,716,1
2022-01-07,"GGD Zaanstreek/Waterland",901,902,-1
2022-01-08,"GGD Hart voor Brabant",2006,2005,1
2022-01-08,"GGD Rotterdam-Rijnmond",2456,2453,3
2022-01-08,"GGD Zaanstreek/Waterland",772,769,3
2022-01-08,"Veiligheids- en Gezondheidsregio Gelderland-Midden",946,945,1
2022-01-09,"GGD Amsterdam",4138,4137,1
2022-01-09,"GGD Brabant-Zuidoost",1216,1215,1
2022-01-09,"GGD Haaglanden",1580,1579,1
2022-01-09,"GGD Rotterdam-Rijnmond",1797,1798,-1
2022-01-09,"GGD Zaanstreek/Waterland",874,872,2
2022-01-09,"Veiligheids- en Gezondheidsregio Gelderland-Midden",1123,1122,1
2022-01-10,"GGD Amsterdam",2823,2822,1
2022-01-10,"GGD Brabant-Zuidoost",1438,1424,14
2022-01-10,"GGD Rotterdam-Rijnmond",2843,2846,-3
2022-01-10,"GGD Zaanstreek/Waterland",513,508,5
2022-01-11,"GGD Amsterdam",3354,3353,1
2022-01-11,"GGD Gooi en Vechtstreek",537,536,1
2022-01-11,"GGD Regio Utrecht",3041,3042,-1
2022-01-11,"GGD Rotterdam-Rijnmond",3478,3479,-1
2022-01-11,"GGD Twente",1491,1490,1
2022-01-11,"GGD Zaanstreek/Waterland",947,939,8
2022-01-11,"GGD Zeeland",634,633,1
2022-01-11,"GGD Zuid-Limburg",677,675,2
2022-01-11,"Veiligheids- en Gezondheidsregio Gelderland-Midden",1109,1108,1
2022-01-12,"GGD Hart voor Brabant",1970,1971,-1
2022-01-12,"GGD Hollands-Noorden",1388,1387,1
2022-01-12,"GGD Rotterdam-Rijnmond",3416,3408,8
2022-01-12,"GGD Twente",1158,1157,1
2022-01-12,"GGD Zaanstreek/Waterland",845,837,8
2022-01-13,"GGD Haaglanden",2486,2485,1
2022-01-13,"GGD Hart voor Brabant",2462,2463,-1
2022-01-13,"GGD Hollands-Midden",1950,1947,3
2022-01-13,"GGD Hollands-Noorden",1354,1355,-1
2022-01-13,"GGD Rotterdam-Rijnmond",3482,3481,1
2022-01-13,"GGD Twente",1178,1177,1
2022-01-13,"GGD Zaanstreek/Waterland",782,798,-16
2022-01-13,"GGD Zeeland",741,740,1
2022-01-14,"GGD Amsterdam",3225,3222,3
2022-01-14,"GGD Brabant-Zuidoost",1311,1310,1
2022-01-14,"GGD Hollands-Midden",1750,1751,-1
2022-01-14,"GGD Hollands-Noorden",1336,1334,2
2022-01-14,"GGD Kennemerland",1380,1379,1
2022-01-14,"GGD Regio Utrecht",3204,3203,1
2022-01-14,"GGD Rotterdam-Rijnmond",3367,3357,10
2022-01-14,"GGD Zaanstreek/Waterland",906,913,-7
2022-01-14,"GGD Zeeland",704,702,2
2022-01-14,"Veiligheids- en Gezondheidsregio Gelderland-Midden",1218,1217,1
2022-01-15,"GGD Amsterdam",4284,4283,1
2022-01-15,"GGD Brabant-Zuidoost",1434,1433,1
2022-01-15,"GGD Haaglanden",2830,2829,1
2022-01-15,"GGD Hart voor Brabant",2554,2555,-1
2022-01-15,"GGD Hollands-Midden",1812,1811,1
2022-01-15,"GGD Hollands-Noorden",1467,1466,1
2022-01-15,"GGD Noord- en Oost-Gelderland",986,985,1
2022-01-15,"GGD Regio Utrecht",3552,3551,1
2022-01-15,"GGD Rotterdam-Rijnmond",3607,3606,1
2022-01-15,"GGD Zaanstreek/Waterland",1006,1002,4
2022-01-15,"GGD Zeeland",683,682,1
2022-01-15,"Veiligheids- en Gezondheidsregio Gelderland-Midden",1316,1315,1
2022-01-16,"GGD Amsterdam",3939,3935,4
2022-01-16,"GGD Flevoland",913,912,1
2022-01-16,"GGD Gooi en Vechtstreek",601,600,1
2022-01-16,"GGD Hart voor Brabant",3195,3196,-1
2022-01-16,"GGD Hollands-Midden",1802,1800,2
2022-01-16,"GGD IJsselland",817,816,1
2022-01-16,"GGD Kennemerland",1639,1637,2
2022-01-16,"GGD Limburg-Noord",787,786,1
2022-01-16,"GGD Rotterdam-Rijnmond",2975,2974,1
2022-01-16,"GGD Zaanstreek/Waterland",939,940,-1
2022-01-16,"Veiligheids- en Gezondheidsregio Gelderland-Midden",1199,1194,5
2022-01-17,"GGD Amsterdam",4883,4868,15
2022-01-17,"GGD Brabant-Zuidoost",2108,2106,2
2022-01-17,"GGD Flevoland",1152,1150,2
2022-01-17,"GGD Gelderland-Zuid",1412,1408,4
2022-01-17,"GGD Gooi en Vechtstreek",706,704,2
2022-01-17,"GGD Haaglanden",3055,3054,1
2022-01-17,"GGD Hart voor Brabant",3207,3206,1
2022-01-17,"GGD Hollands-Midden",2421,2420,1
2022-01-17,"GGD Hollands-Noorden",1854,1853,1
2022-01-17,"GGD IJsselland",990,989,1
2022-01-17,"GGD Kennemerland",1985,1984,1
2022-01-17,"GGD Limburg-Noord",816,815,1
2022-01-17,"GGD Noord- en Oost-Gelderland",1915,1911,4
2022-01-17,"GGD Regio Utrecht",3670,3668,2
2022-01-17,"GGD Rotterdam-Rijnmond",4441,4434,7
2022-01-17,"GGD Twente",1732,1730,2
2022-01-17,"GGD West-Brabant",1742,1740,2
2022-01-17,"GGD Zaanstreek/Waterland",1129,1127,2
2022-01-17,"GGD Zuid-Limburg",1125,1124,1
2022-01-17,"Veiligheids- en Gezondheidsregio Gelderland-Midden",1552,1549,3
2022-01-18,"GGD Amsterdam",4446,4441,5
2022-01-18,"GGD Brabant-Zuidoost",1799,1790,9
2022-01-18,"GGD Drenthe",862,861,1
2022-01-18,"GGD Flevoland",2071,2060,11
2022-01-18,"GGD Gelderland-Zuid",1916,1908,8
2022-01-18,"GGD Gooi en Vechtstreek",907,906,1
2022-01-18,"GGD Haaglanden",4112,4106,6
2022-01-18,"GGD Hart voor Brabant",3529,3530,-1
2022-01-18,"GGD Hollands-Midden",2121,2120,1
2022-01-18,"GGD Hollands-Noorden",1929,1928,1
2022-01-18,"GGD IJsselland",1302,1301,1
2022-01-18,"GGD Kennemerland",1764,1762,2
2022-01-18,"GGD Regio Utrecht",4767,4768,-1
2022-01-18,"GGD Rotterdam-Rijnmond",4967,4964,3
2022-01-18,"GGD West-Brabant",2617,2615,2
2022-01-18,"Veiligheids- en Gezondheidsregio Gelderland-Midden",2046,2042,4
2022-01-19,"GGD Amsterdam",5176,5161,15
2022-01-19,"GGD Brabant-Zuidoost",2582,2574,8
2022-01-19,"GGD Drenthe",1120,1119,1
2022-01-19,"GGD Flevoland",1920,1918,2
2022-01-19,"GGD Fryslân",1438,1437,1
2022-01-19,"GGD Gelderland-Zuid",1822,1814,8
2022-01-19,"GGD Haaglanden",4487,4483,4
2022-01-19,"GGD Hart voor Brabant",4494,4492,2
2022-01-19,"GGD Hollands-Midden",2741,2738,3
2022-01-19,"GGD Hollands-Noorden",1766,1760,6
2022-01-19,"GGD IJsselland",1733,1730,3
2022-01-19,"GGD Kennemerland",1876,1866,10
2022-01-19,"GGD Limburg-Noord",1332,1331,1
2022-01-19,"GGD Noord- en Oost-Gelderland",2138,2135,3
2022-01-19,"GGD Rotterdam-Rijnmond",5368,5359,9
2022-01-19,"GGD Zaanstreek/Waterland",1493,1489,4
2022-01-19,"GGD Zeeland",1397,1396,1
2022-01-19,"GGD Zuid-Limburg",1639,1638,1
2022-01-19,"Veiligheids- en Gezondheidsregio Gelderland-Midden",2096,2086,10
2022-01-20,"GGD Amsterdam",4758,4729,29
2022-01-20,"GGD Brabant-Zuidoost",2488,2465,23
2022-01-20,"GGD Drenthe",1036,1035,1
2022-01-20,"GGD Flevoland",1713,1618,95
2022-01-20,"GGD Fryslân",1296,1291,5
2022-01-20,"GGD Gelderland-Zuid",1643,1641,2
2022-01-20,"GGD Haaglanden",4267,4260,7
2022-01-20,"GGD Hart voor Brabant",4597,4594,3
2022-01-20,"GGD Hollands-Midden",2978,2973,5
2022-01-20,"GGD Hollands-Noorden",2032,2024,8
2022-01-20,"GGD IJsselland",1670,1668,2
2022-01-20,"GGD Kennemerland",2156,2145,11
2022-01-20,"GGD Limburg-Noord",1468,1467,1
2022-01-20,"GGD Noord- en Oost-Gelderland",2624,2616,8
2022-01-20,"GGD Regio Utrecht",5035,5031,4
2022-01-20,"GGD Rotterdam-Rijnmond",5184,5150,34
2022-01-20,"GGD Twente",2034,2032,2
2022-01-20,"GGD West-Brabant",2936,2930,6
2022-01-20,"GGD Zeeland",1481,1477,4
2022-01-20,"GGD Zuid-Limburg",1762,1758,4
2022-01-20,"Veiligheids- en Gezondheidsregio Gelderland-Midden",2176,2164,12
2022-01-21,"Dienst Gezondheid & Jeugd ZHZ",1836,1835,1
2022-01-21,"GGD Amsterdam",4692,4660,32
2022-01-21,"GGD Brabant-Zuidoost",2579,2549,30
2022-01-21,"GGD Drenthe",1172,1174,-2
2022-01-21,"GGD Flevoland",1271,1266,5
2022-01-21,"GGD Fryslân",1260,1257,3
2022-01-21,"GGD Gelderland-Zuid",1812,1804,8
2022-01-21,"GGD Gooi en Vechtstreek",1237,1232,5
2022-01-21,"GGD Groningen",1551,1548,3
2022-01-21,"GGD Haaglanden",4987,4975,12
2022-01-21,"GGD Hart voor Brabant",4589,4577,12
2022-01-21,"GGD Hollands-Midden",3534,3526,8
2022-01-21,"GGD Hollands-Noorden",2212,2202,10
2022-01-21,"GGD IJsselland",1670,1658,12
2022-01-21,"GGD Kennemerland",2430,2414,16
2022-01-21,"GGD Limburg-Noord",1683,1675,8
2022-01-21,"GGD Noord- en Oost-Gelderland",2722,2700,22
2022-01-21,"GGD Regio Utrecht",6254,6245,9
2022-01-21,"GGD Rotterdam-Rijnmond",5923,5880,43
2022-01-21,"GGD Twente",2541,2528,13
2022-01-21,"GGD West-Brabant",2776,2766,10
2022-01-21,"GGD Zaanstreek/Waterland",1415,1413,2
2022-01-21,"GGD Zeeland",1257,1250,7
2022-01-21,"GGD Zuid-Limburg",1653,1648,5
2022-01-21,"Veiligheids- en Gezondheidsregio Gelderland-Midden",2157,2145,12
2022-01-22,"Dienst Gezondheid & Jeugd ZHZ",1680,1679,1
2022-01-22,"GGD Amsterdam",4306,4257,49
2022-01-22,"GGD Brabant-Zuidoost",2423,2388,35
2022-01-22,"GGD Drenthe",1114,1113,1
2022-01-22,"GGD Flevoland",1876,1871,5
2022-01-22,"GGD Fryslân",1272,1262,10
2022-01-22,"GGD Gelderland-Zuid",1901,1887,14
2022-01-22,"GGD Gooi en Vechtstreek",1285,1280,5
2022-01-22,"GGD Groningen",1673,1670,3
2022-01-22,"GGD Haaglanden",4641,4629,12
2022-01-22,"GGD Hart voor Brabant",4016,4004,12
2022-01-22,"GGD Hollands-Midden",2947,2948,-1
2022-01-22,"GGD Hollands-Noorden",2518,2483,35
2022-01-22,"GGD IJsselland",1704,1690,14
2022-01-22,"GGD Kennemerland",2221,2174,47
2022-01-22,"GGD Limburg-Noord",1543,1531,12
2022-01-22,"GGD Noord- en Oost-Gelderland",2266,2235,31
2022-01-22,"GGD Regio Utrecht",5935,5924,11
2022-01-22,"GGD Rotterdam-Rijnmond",5628,5590,38
2022-01-22,"GGD Twente",1631,1613,18
2022-01-22,"GGD West-Brabant",2952,2943,9
2022-01-22,"GGD Zaanstreek/Waterland",1594,1580,14
2022-01-22,"GGD Zuid-Limburg",1806,1803,3
2022-01-22,"Veiligheids- en Gezondheidsregio Gelderland-Midden",970,914,56
2022-01-23,"Dienst Gezondheid & Jeugd ZHZ",1743,1737,6
2022-01-23,"GGD Amsterdam",4126,4040,86
2022-01-23,"GGD Brabant-Zuidoost",2506,2483,23
2022-01-23,"GGD Drenthe",1136,1134,2
2022-01-23,"GGD Flevoland",1669,1656,13
2022-01-23,"GGD Fryslân",1432,1427,5
2022-01-23,"GGD Gelderland-Zuid",1946,1930,16
2022-01-23,"GGD Gooi en Vechtstreek",957,951,6
2022-01-23,"GGD Groningen",1571,1566,5
2022-01-23,"GGD Haaglanden",5030,5006,24
2022-01-23,"GGD Hart voor Brabant",4378,2119,2259
2022-01-23,"GGD Hollands-Midden",3505,3489,16
2022-01-23,"GGD Hollands-Noorden",2573,2538,35
2022-01-23,"GGD IJsselland",1780,1760,20
2022-01-23,"GGD Kennemerland",2407,2354,53
2022-01-23,"GGD Limburg-Noord",1655,1641,14
2022-01-23,"GGD Noord- en Oost-Gelderland",2433,2389,44
2022-01-23,"GGD Regio Utrecht",5325,5307,18
2022-01-23,"GGD Rotterdam-Rijnmond",4554,4526,28
2022-01-23,"GGD Twente",2568,2548,20
2022-01-23,"GGD West-Brabant",2817,2796,21
2022-01-23,"GGD Zaanstreek/Waterland",1189,1168,21
2022-01-23,"GGD Zeeland",1532,1520,12
2022-01-23,"GGD Zuid-Limburg",1972,1965,7
2022-01-23,"Veiligheids- en Gezondheidsregio Gelderland-Midden",619,587,32
2022-01-24,"Dienst Gezondheid & Jeugd ZHZ",1610,1592,18
2022-01-24,"GGD Amsterdam",5107,4956,151
2022-01-24,"GGD Brabant-Zuidoost",2813,2779,34
2022-01-24,"GGD Drenthe",1133,1128,5
2022-01-24,"GGD Flevoland",530,473,57
2022-01-24,"GGD Fryslân",1539,1509,30
2022-01-24,"GGD Gelderland-Zuid",1653,1622,31
2022-01-24,"GGD Gooi en Vechtstreek",1200,1182,18
2022-01-24,"GGD Groningen",1633,1625,8
2022-01-24,"GGD Haaglanden",5232,5160,72
2022-01-24,"GGD Hart voor Brabant",4828,3374,1454
2022-01-24,"GGD Hollands-Midden",3495,3478,17
2022-01-24,"GGD Hollands-Noorden",2998,2928,70
2022-01-24,"GGD IJsselland",2081,2033,48
2022-01-24,"GGD Kennemerland",2649,2533,116
2022-01-24,"GGD Limburg-Noord",1856,1818,38
2022-01-24,"GGD Noord- en Oost-Gelderland",2691,2603,88
2022-01-24,"GGD Regio Utrecht",5598,5566,32
2022-01-24,"GGD Rotterdam-Rijnmond",6103,6042,61
2022-01-24,"GGD Twente",2416,1982,434
2022-01-24,"GGD West-Brabant",2770,2707,63
2022-01-24,"GGD Zaanstreek/Waterland",1540,1522,18
2022-01-24,"GGD Zeeland",1434,1418,16
2022-01-24,"GGD Zuid-Limburg",1849,1829,20
2022-01-24,"Veiligheids- en Gezondheidsregio Gelderland-Midden",757,693,64
2022-01-25,"Dienst Gezondheid & Jeugd ZHZ",2270,2259,11
2022-01-25,"GGD Amsterdam",5159,4936,223
2022-01-25,"GGD Brabant-Zuidoost",2998,2950,48
2022-01-25,"GGD Drenthe",1089,1083,6
2022-01-25,"GGD Flevoland",1841,1381,460
2022-01-25,"GGD Fryslân",1641,1612,29
2022-01-25,"GGD Gelderland-Zuid",2600,2549,51
2022-01-25,"GGD Gooi en Vechtstreek",1287,1265,22
2022-01-25,"GGD Groningen",1930,1907,23
2022-01-25,"GGD Haaglanden",4672,4548,124
2022-01-25,"GGD Hart voor Brabant",5274,4753,521
2022-01-25,"GGD Hollands-Midden",3755,3724,31
2022-01-25,"GGD Hollands-Noorden",2703,2597,106
2022-01-25,"GGD IJsselland",2485,2411,74
2022-01-25,"GGD Kennemerland",2329,2187,142
2022-01-25,"GGD Limburg-Noord",1790,1713,77
2022-01-25,"GGD Noord- en Oost-Gelderland",3259,3126,133
2022-01-25,"GGD Regio Utrecht",6638,6574,64
2022-01-25,"GGD Rotterdam-Rijnmond",6201,6121,80
2022-01-25,"GGD Twente",2966,1708,1258
2022-01-25,"GGD West-Brabant",3866,3807,59
2022-01-25,"GGD Zaanstreek/Waterland",1787,1779,8
2022-01-25,"GGD Zeeland",1852,1828,24
2022-01-25,"GGD Zuid-Limburg",2180,2148,32
2022-01-25,"Veiligheids- en Gezondheidsregio Gelderland-Midden",672,618,54
2022-01-26,"Dienst Gezondheid & Jeugd ZHZ",2396,2368,28
2022-01-26,"GGD Amsterdam",4283,4040,243
2022-01-26,"GGD Brabant-Zuidoost",3124,3004,120
2022-01-26,"GGD Drenthe",1156,1141,15
2022-01-26,"GGD Flevoland",1344,365,979
2022-01-26,"GGD Fryslân",2087,2021,66
2022-01-26,"GGD Gelderland-Zuid",2514,2416,98
2022-01-26,"GGD Gooi en Vechtstreek",1142,1097,45
2022-01-26,"GGD Groningen",2421,2378,43
2022-01-26,"GGD Haaglanden",5332,5249,83
2022-01-26,"GGD Hart voor Brabant",5046,2272,2774
2022-01-26,"GGD Hollands-Midden",3820,3774,46
2022-01-26,"GGD Hollands-Noorden",2683,2587,96
2022-01-26,"GGD IJsselland",2390,2259,131
2022-01-26,"GGD Kennemerland",2241,2103,138
2022-01-26,"GGD Limburg-Noord",1981,1863,118
2022-01-26,"GGD Noord- en Oost-Gelderland",2886,2771,115
2022-01-26,"GGD Regio Utrecht",7039,6989,50
2022-01-26,"GGD Rotterdam-Rijnmond",6526,6446,80
2022-01-26,"GGD Twente",2722,1108,1614
2022-01-26,"GGD West-Brabant",3393,3294,99
2022-01-26,"GGD Zaanstreek/Waterland",1794,1792,2
2022-01-26,"GGD Zeeland",1641,1592,49
2022-01-26,"GGD Zuid-Limburg",2283,2228,55
2022-01-26,"Veiligheids- en Gezondheidsregio Gelderland-Midden",753,716,37
2022-01-27,"Dienst Gezondheid & Jeugd ZHZ",2265,2220,45
2022-01-27,"GGD Amsterdam",4600,4121,479
2022-01-27,"GGD Brabant-Zuidoost",2321,2194,127
2022-01-27,"GGD Drenthe",1172,1118,54
2022-01-27,"GGD Flevoland",640,545,95
2022-01-27,"GGD Fryslân",2106,1986,120
2022-01-27,"GGD Gelderland-Zuid",2626,2472,154
2022-01-27,"GGD Gooi en Vechtstreek",1163,1084,79
2022-01-27,"GGD Groningen",2117,2067,50
2022-01-27,"GGD Haaglanden",5906,5808,98
2022-01-27,"GGD Hart voor Brabant",1899,1194,705
2022-01-27,"GGD Hollands-Midden",4538,4506,32
2022-01-27,"GGD Hollands-Noorden",3162,3099,63
2022-01-27,"GGD IJsselland",2394,1802,592
2022-01-27,"GGD Kennemerland",2434,2398,36
2022-01-27,"GGD Limburg-Noord",1799,1725,74
2022-01-27,"GGD Noord- en Oost-Gelderland",3017,3025,-8
2022-01-27,"GGD Regio Utrecht",7143,7123,20
2022-01-27,"GGD Rotterdam-Rijnmond",6323,4163,2160
2022-01-27,"GGD Twente",2670,901,1769
2022-01-27,"GGD West-Brabant",4116,2251,1865
2022-01-27,"GGD Zaanstreek/Waterland",1655,1667,-12
2022-01-27,"GGD Zeeland",1848,1700,148
2022-01-27,"GGD Zuid-Limburg",2739,2637,102
2022-01-27,"Veiligheids- en Gezondheidsregio Gelderland-Midden",825,785,40
2022-01-28,"Dienst Gezondheid & Jeugd ZHZ",2428,2370,58
2022-01-28,"GGD Amsterdam",4358,3722,636
2022-01-28,"GGD Brabant-Zuidoost",2759,2634,125
2022-01-28,"GGD Drenthe",1494,1466,28
2022-01-28,"GGD Flevoland",1756,1303,453
2022-01-28,"GGD Fryslân",2039,1864,175
2022-01-28,"GGD Gelderland-Zuid",2498,2346,152
2022-01-28,"GGD Gooi en Vechtstreek",1222,1158,64
2022-01-28,"GGD Groningen",2240,2189,51
2022-01-28,"GGD Haaglanden",6067,6009,58
2022-01-28,"GGD Hart voor Brabant",375,327,48
2022-01-28,"GGD Hollands-Midden",3932,3876,56
2022-01-28,"GGD Hollands-Noorden",2808,1932,876
2022-01-28,"GGD IJsselland",1865,438,1427
2022-01-28,"GGD Kennemerland",2114,2223,-109
2022-01-28,"GGD Limburg-Noord",1978,1799,179
2022-01-28,"GGD Noord- en Oost-Gelderland",2991,3185,-194
2022-01-28,"GGD Regio Utrecht",7290,5904,1386
2022-01-28,"GGD Rotterdam-Rijnmond",3206,2472,734
2022-01-28,"GGD Twente",2964,250,2714
2022-01-28,"GGD West-Brabant",2629,292,2337
2022-01-28,"GGD Zaanstreek/Waterland",1790,1787,3
2022-01-28,"GGD Zeeland",1805,1786,19
2022-01-28,"GGD Zuid-Limburg",2671,2505,166
2022-01-28,"Veiligheids- en Gezondheidsregio Gelderland-Midden",500,492,8
2022-01-29,"Dienst Gezondheid & Jeugd ZHZ",2203,1834,369
2022-01-29,"GGD Amsterdam",3846,3119,727
2022-01-29,"GGD Brabant-Zuidoost",3304,2661,643
2022-01-29,"GGD Drenthe",1386,309,1077
2022-01-29,"GGD Flevoland",674,456,218
2022-01-29,"GGD Fryslân",986,244,742
2022-01-29,"GGD Gelderland-Zuid",2641,1329,1312
2022-01-29,"GGD Gooi en Vechtstreek",1021,972,49
2022-01-29,"GGD Groningen",2230,1967,263
2022-01-29,"GGD Haaglanden",5934,5409,525
2022-01-29,"GGD Hart voor Brabant",312,195,117
2022-01-29,"GGD Hollands-Midden",3477,1806,1671
2022-01-29,"GGD Hollands-Noorden",2723,461,2262
2022-01-29,"GGD IJsselland",1685,766,919
2022-01-29,"GGD Kennemerland",1956,621,1335
2022-01-29,"GGD Limburg-Noord",1352,83,1269
2022-01-29,"GGD Noord- en Oost-Gelderland",3484,3301,183
2022-01-29,"GGD Regio Utrecht",7506,6953,553
2022-01-29,"GGD Rotterdam-Rijnmond",5323,5524,-201
2022-01-29,"GGD Twente",2285,146,2139
2022-01-29,"GGD West-Brabant",428,340,88
2022-01-29,"GGD Zaanstreek/Waterland",1874,1247,627
2022-01-29,"GGD Zeeland",1397,904,493
2022-01-29,"GGD Zuid-Limburg",2115,1395,720
2022-01-29,"Veiligheids- en Gezondheidsregio Gelderland-Midden",501,291,210
2022-01-30,"Dienst Gezondheid & Jeugd ZHZ",1586,415,1171
2022-01-30,"GGD Amsterdam",2333,756,1577
2022-01-30,"GGD Brabant-Zuidoost",4345,423,3922
2022-01-30,"GGD Drenthe",1113,105,1008
2022-01-30,"GGD Flevoland",114,34,80
2022-01-30,"GGD Gelderland-Zuid",1892,158,1734
2022-01-30,"GGD Gooi en Vechtstreek",929,76,853
2022-01-30,"GGD Groningen",2047,4,2043
2022-01-30,"GGD Haaglanden",4027,357,3670
2022-01-30,"GGD Hart voor Brabant",229,56,173
2022-01-30,"GGD Hollands-Midden",1242,567,675
2022-01-30,"GGD Hollands-Noorden",2064,28,2036
2022-01-30,"GGD IJsselland",1349,89,1260
2022-01-30,"GGD Kennemerland",894,294,600
2022-01-30,"GGD Noord- en Oost-Gelderland",3597,783,2814
2022-01-30,"GGD Regio Utrecht",6265,1113,5152
2022-01-30,"GGD Rotterdam-Rijnmond",2194,742,1452
2022-01-30,"GGD Twente",2781,256,2525
2022-01-30,"GGD West-Brabant",189,18,171
2022-01-30,"GGD Zaanstreek/Waterland",1355,259,1096
2022-01-30,"GGD Zeeland",527,15,512
2022-01-30,"GGD Zuid-Limburg",1002,82,920
2022-01-30,"Veiligheids- en Gezondheidsregio Gelderland-Midden",261,35,226
2022-01-31,"Dienst Gezondheid & Jeugd ZHZ",910,31,879
2022-01-31,"GGD Amsterdam",889,10,879
2022-01-31,"GGD Brabant-Zuidoost",1316,80,1236
2022-01-31,"GGD Drenthe",143,31,112
2022-01-31,"GGD Flevoland",25,2,23
2022-01-31,"GGD Gelderland-Zuid",120,13,107
2022-01-31,"GGD Hollands-Midden",143,30,113
2022-01-31,"GGD IJsselland",81,4,77
2022-01-31,"GGD Kennemerland",98,43,55
2022-01-31,"GGD Noord- en Oost-Gelderland",276,13,263
2022-01-31,"GGD Regio Utrecht",3765,7,3758
2022-01-31,"GGD Twente",1534,10,1524
2022-01-31,"GGD Zaanstreek/Waterland",623,1,622
2022-01-31,"GGD Zuid-Limburg",111,5,106
