"Date_statistics","Municipal_health_service","cases.today","cases.yesterday","diff"
2020-10-21,"GGD Regio Utrecht",772,771,1
2021-01-01,"GGD Hollands-Midden",312,311,1
2021-01-01,"GGD Noord- en Oost-Gelderland",369,368,1
2021-01-01,"GGD Rotterdam-Rijnmond",392,391,1
2021-01-02,"GGD Amsterdam",308,305,3
2021-01-02,"GGD Rotterdam-Rijnmond",376,375,1
2021-01-02,"GGD Zuid-Limburg",256,255,1
2021-01-03,"Dienst Gezondheid & Jeugd ZHZ",231,233,-2
2021-01-03,"GGD Fryslân",249,248,1
2021-01-03,"GGD Haaglanden",413,414,-1
2021-01-03,"GGD West-Brabant",253,252,1
2021-01-03,"Veiligheids- en Gezondheidsregio Gelderland-Midden",370,371,-1
2021-01-04,"Dienst Gezondheid & Jeugd ZHZ",207,203,4
2021-01-04,"GGD Drenthe",226,231,-5
2021-01-04,"GGD Flevoland",181,180,1
2021-01-04,"GGD Gelderland-Zuid",331,333,-2
2021-01-04,"GGD Hart voor Brabant",571,570,1
2021-01-04,"GGD Twente",500,499,1
2021-01-04,"GGD Zuid-Limburg",335,334,1
2021-01-04,"Veiligheids- en Gezondheidsregio Gelderland-Midden",419,420,-1
2021-01-05,"GGD Brabant-Zuidoost",353,351,2
2021-01-05,"GGD Drenthe",228,230,-2
2021-01-05,"GGD Gelderland-Zuid",240,241,-1
2021-01-05,"GGD Hollands-Midden",363,356,7
2021-01-05,"GGD West-Brabant",192,191,1
2021-01-06,"GGD Gelderland-Zuid",252,251,1
2021-01-06,"GGD Hollands-Midden",306,304,2
2021-01-23,"GGD Haaglanden",217,218,-1
2021-04-21,"GGD Hollands-Midden",435,434,1
2021-07-29,"GGD Rotterdam-Rijnmond",266,265,1
2021-07-30,"GGD Hollands-Midden",127,128,-1
2021-10-11,"GGD Hart voor Brabant",166,165,1
2021-10-17,"Dienst Gezondheid & Jeugd ZHZ",161,160,1
2021-10-18,"Dienst Gezondheid & Jeugd ZHZ",214,215,-1
2021-10-23,"GGD Rotterdam-Rijnmond",392,393,-1
2021-10-25,"GGD Zuid-Limburg",371,369,2
2021-11-07,"GGD Rotterdam-Rijnmond",1075,1077,-2
2021-11-08,"GGD Haaglanden",932,931,1
2021-11-08,"GGD Regio Utrecht",713,712,1
2021-11-08,"GGD Rotterdam-Rijnmond",1182,1178,4
2021-11-09,"GGD Rotterdam-Rijnmond",1229,1233,-4
2021-11-11,"GGD Amsterdam",896,895,1
2021-11-12,"GGD Brabant-Zuidoost",875,876,-1
2021-11-12,"GGD Kennemerland",589,588,1
2021-11-15,"GGD Haaglanden",1143,1142,1
2021-11-15,"GGD Kennemerland",771,770,1
2021-11-15,"GGD Rotterdam-Rijnmond",1352,1353,-1
2021-11-15,"Veiligheids- en Gezondheidsregio Gelderland-Midden",892,893,-1
2021-11-16,"GGD Zuid-Limburg",1213,1212,1
2021-11-17,"GGD Kennemerland",694,692,2
2021-11-17,"GGD Rotterdam-Rijnmond",1787,1788,-1
2021-11-17,"GGD West-Brabant",732,731,1
2021-11-19,"GGD Haaglanden",1146,1145,1
2021-11-19,"GGD Kennemerland",741,745,-4
2021-11-19,"GGD Rotterdam-Rijnmond",1667,1668,-1
2021-11-19,"GGD West-Brabant",1164,1163,1
2021-11-20,"GGD Amsterdam",1052,1051,1
2021-11-20,"GGD Hollands-Midden",1058,1057,1
2021-11-20,"GGD Noord- en Oost-Gelderland",1049,1048,1
2021-11-20,"GGD Rotterdam-Rijnmond",1460,1461,-1
2021-11-21,"GGD Haaglanden",1141,1140,1
2021-11-21,"GGD Kennemerland",750,749,1
2021-11-21,"GGD Regio Utrecht",1620,1619,1
2021-11-21,"GGD Rotterdam-Rijnmond",1416,1417,-1
2021-11-22,"GGD Haaglanden",1130,1129,1
2021-11-22,"GGD Kennemerland",767,766,1
2021-11-22,"GGD Regio Utrecht",1720,1718,2
2021-11-22,"GGD Rotterdam-Rijnmond",1634,1636,-2
2021-11-22,"GGD West-Brabant",1030,1031,-1
2021-11-22,"GGD Zuid-Limburg",1250,1249,1
2021-11-23,"GGD Haaglanden",1114,1113,1
2021-11-23,"GGD Regio Utrecht",1890,1891,-1
2021-11-23,"GGD Rotterdam-Rijnmond",1490,1493,-3
2021-11-24,"GGD Haaglanden",1033,1032,1
2021-11-24,"GGD Kennemerland",747,751,-4
2021-11-24,"GGD Regio Utrecht",1864,1867,-3
2021-11-25,"GGD Haaglanden",991,989,2
2021-11-25,"GGD Kennemerland",687,690,-3
2021-11-25,"GGD Limburg-Noord",800,799,1
2021-11-25,"GGD Noord- en Oost-Gelderland",891,890,1
2021-11-25,"GGD Rotterdam-Rijnmond",1461,1463,-2
2021-11-26,"GGD Kennemerland",733,736,-3
2021-11-26,"GGD Rotterdam-Rijnmond",1517,1521,-4
2021-11-26,"Veiligheids- en Gezondheidsregio Gelderland-Midden",763,762,1
2021-11-27,"GGD Rotterdam-Rijnmond",1289,1293,-4
2021-11-27,"Veiligheids- en Gezondheidsregio Gelderland-Midden",797,796,1
2021-11-28,"GGD Kennemerland",599,598,1
2021-11-28,"GGD Rotterdam-Rijnmond",1360,1359,1
2021-11-29,"GGD Haaglanden",1215,1214,1
2021-11-30,"GGD Haaglanden",1110,1108,2
2021-11-30,"GGD Rotterdam-Rijnmond",1591,1593,-2
2021-11-30,"Veiligheids- en Gezondheidsregio Gelderland-Midden",875,874,1
2021-12-01,"GGD Noord- en Oost-Gelderland",854,853,1
2021-12-01,"GGD Rotterdam-Rijnmond",1481,1483,-2
2021-12-02,"GGD Gooi en Vechtstreek",249,248,1
2021-12-02,"GGD Rotterdam-Rijnmond",1430,1435,-5
2021-12-03,"GGD Rotterdam-Rijnmond",1451,1459,-8
2021-12-03,"Veiligheids- en Gezondheidsregio Gelderland-Midden",687,685,2
2021-12-04,"GGD Rotterdam-Rijnmond",1259,1261,-2
2021-12-04,"GGD West-Brabant",1050,1049,1
2021-12-04,"Veiligheids- en Gezondheidsregio Gelderland-Midden",701,707,-6
2021-12-05,"Dienst Gezondheid & Jeugd ZHZ",464,463,1
2021-12-05,"GGD Brabant-Zuidoost",1008,1009,-1
2021-12-05,"GGD Gooi en Vechtstreek",241,242,-1
2021-12-05,"GGD Haaglanden",995,994,1
2021-12-05,"GGD Hollands-Midden",754,753,1
2021-12-05,"GGD Noord- en Oost-Gelderland",745,746,-1
2021-12-05,"GGD Rotterdam-Rijnmond",1269,1274,-5
2021-12-05,"Veiligheids- en Gezondheidsregio Gelderland-Midden",599,602,-3
2021-12-06,"GGD Rotterdam-Rijnmond",1478,1482,-4
2021-12-06,"Veiligheids- en Gezondheidsregio Gelderland-Midden",692,693,-1
2021-12-07,"GGD Rotterdam-Rijnmond",1350,1351,-1
2021-12-07,"GGD West-Brabant",809,808,1
2021-12-08,"GGD Gooi en Vechtstreek",265,264,1
2021-12-08,"GGD Noord- en Oost-Gelderland",804,803,1
2021-12-09,"GGD Gooi en Vechtstreek",254,255,-1
2021-12-10,"GGD Kennemerland",469,468,1
2021-12-10,"GGD Regio Utrecht",1773,1772,1
2021-12-11,"GGD Haaglanden",792,791,1
2021-12-11,"GGD Regio Utrecht",1428,1429,-1
2021-12-11,"GGD Zuid-Limburg",568,567,1
2021-12-12,"GGD Haaglanden",787,786,1
2021-12-14,"Dienst Gezondheid & Jeugd ZHZ",454,453,1
2021-12-14,"GGD Brabant-Zuidoost",578,577,1
2021-12-14,"GGD Fryslân",682,681,1
2021-12-14,"GGD Limburg-Noord",443,442,1
2021-12-14,"GGD Rotterdam-Rijnmond",1204,1203,1
2021-12-15,"GGD Haaglanden",853,852,1
2021-12-15,"GGD Limburg-Noord",381,380,1
2021-12-15,"GGD Zuid-Limburg",514,513,1
2021-12-16,"GGD Amsterdam",689,688,1
2021-12-16,"GGD Haaglanden",798,799,-1
2021-12-16,"GGD Hollands-Noorden",454,453,1
2021-12-16,"GGD Zuid-Limburg",488,489,-1
2021-12-16,"Veiligheids- en Gezondheidsregio Gelderland-Midden",478,477,1
2021-12-17,"GGD Limburg-Noord",366,363,3
2021-12-17,"GGD Regio Utrecht",1398,1397,1
2021-12-18,"Dienst Gezondheid & Jeugd ZHZ",309,308,1
2021-12-18,"GGD Brabant-Zuidoost",500,499,1
2021-12-18,"GGD Drenthe",287,286,1
2021-12-18,"GGD Haaglanden",735,733,2
2021-12-18,"GGD Zaanstreek/Waterland",254,253,1
2021-12-19,"GGD Amsterdam",814,813,1
2021-12-19,"GGD Brabant-Zuidoost",492,491,1
2021-12-19,"GGD Drenthe",270,269,1
2021-12-19,"GGD Fryslân",492,493,-1
2021-12-19,"GGD Zuid-Limburg",398,400,-2
2021-12-20,"GGD Amsterdam",990,989,1
2021-12-20,"GGD Drenthe",291,289,2
2021-12-20,"GGD Flevoland",371,370,1
2021-12-20,"GGD Kennemerland",450,449,1
2021-12-20,"GGD Regio Utrecht",982,983,-1
2021-12-20,"GGD Rotterdam-Rijnmond",1126,1123,3
2021-12-20,"GGD Zaanstreek/Waterland",253,251,2
2021-12-20,"GGD Zeeland",338,337,1
2021-12-20,"GGD Zuid-Limburg",455,454,1
2021-12-21,"GGD Amsterdam",999,1000,-1
2021-12-21,"GGD Drenthe",306,307,-1
2021-12-21,"GGD Flevoland",333,334,-1
2021-12-21,"GGD Limburg-Noord",279,276,3
2021-12-21,"GGD Noord- en Oost-Gelderland",540,539,1
2021-12-21,"GGD West-Brabant",527,526,1
2021-12-21,"GGD Zaanstreek/Waterland",255,253,2
2021-12-21,"Veiligheids- en Gezondheidsregio Gelderland-Midden",468,466,2
2021-12-22,"GGD Amsterdam",1011,1010,1
2021-12-22,"GGD Brabant-Zuidoost",462,461,1
2021-12-22,"GGD Flevoland",323,322,1
2021-12-22,"GGD Hollands-Midden",521,522,-1
2021-12-22,"GGD Hollands-Noorden",450,449,1
2021-12-22,"GGD Rotterdam-Rijnmond",998,985,13
2021-12-22,"GGD West-Brabant",502,501,1
2021-12-22,"GGD Zaanstreek/Waterland",242,238,4
2021-12-23,"GGD Brabant-Zuidoost",515,516,-1
2021-12-23,"GGD Drenthe",282,283,-1
2021-12-23,"GGD Flevoland",325,324,1
2021-12-23,"GGD Gelderland-Zuid",330,329,1
2021-12-23,"GGD Haaglanden",754,752,2
2021-12-23,"GGD Limburg-Noord",296,297,-1
2021-12-23,"GGD Rotterdam-Rijnmond",1069,1067,2
2021-12-23,"GGD Twente",387,384,3
2021-12-23,"GGD West-Brabant",463,461,2
2021-12-23,"GGD Zaanstreek/Waterland",247,243,4
2021-12-23,"GGD Zuid-Limburg",471,470,1
2021-12-23,"Veiligheids- en Gezondheidsregio Gelderland-Midden",402,403,-1
2021-12-24,"Dienst Gezondheid & Jeugd ZHZ",305,304,1
2021-12-24,"GGD Amsterdam",975,974,1
2021-12-24,"GGD Gelderland-Zuid",342,340,2
2021-12-24,"GGD Hart voor Brabant",729,728,1
2021-12-24,"GGD Hollands-Noorden",433,431,2
2021-12-24,"GGD Kennemerland",481,482,-1
2021-12-24,"GGD Noord- en Oost-Gelderland",491,489,2
2021-12-24,"GGD Rotterdam-Rijnmond",1347,1342,5
2021-12-24,"GGD Twente",413,414,-1
2021-12-24,"GGD Zaanstreek/Waterland",236,238,-2
2021-12-24,"GGD Zuid-Limburg",424,422,2
2021-12-24,"Veiligheids- en Gezondheidsregio Gelderland-Midden",428,429,-1
2021-12-25,"Dienst Gezondheid & Jeugd ZHZ",320,319,1
2021-12-25,"GGD Amsterdam",974,969,5
2021-12-25,"GGD Drenthe",295,293,2
2021-12-25,"GGD Flevoland",344,343,1
2021-12-25,"GGD Fryslân",410,408,2
2021-12-25,"GGD Gooi en Vechtstreek",189,188,1
2021-12-25,"GGD Groningen",302,300,2
2021-12-25,"GGD Haaglanden",742,741,1
2021-12-25,"GGD Hollands-Midden",385,384,1
2021-12-25,"GGD Hollands-Noorden",388,387,1
2021-12-25,"GGD Noord- en Oost-Gelderland",450,449,1
2021-12-25,"GGD Regio Utrecht",996,995,1
2021-12-25,"GGD Rotterdam-Rijnmond",751,748,3
2021-12-25,"GGD Zaanstreek/Waterland",254,252,2
2021-12-25,"GGD Zuid-Limburg",374,373,1
2021-12-25,"Veiligheids- en Gezondheidsregio Gelderland-Midden",323,322,1
2021-12-26,"Dienst Gezondheid & Jeugd ZHZ",294,293,1
2021-12-26,"GGD Amsterdam",1054,1048,6
2021-12-26,"GGD Brabant-Zuidoost",490,489,1
2021-12-26,"GGD Flevoland",365,364,1
2021-12-26,"GGD Fryslân",460,459,1
2021-12-26,"GGD Groningen",384,382,2
2021-12-26,"GGD Haaglanden",809,806,3
2021-12-26,"GGD Hollands-Midden",375,376,-1
2021-12-26,"GGD Hollands-Noorden",446,445,1
2021-12-26,"GGD Limburg-Noord",302,300,2
2021-12-26,"GGD Noord- en Oost-Gelderland",490,488,2
2021-12-26,"GGD Rotterdam-Rijnmond",713,709,4
2021-12-26,"GGD Twente",425,421,4
2021-12-26,"GGD West-Brabant",476,475,1
2021-12-26,"GGD Zaanstreek/Waterland",258,247,11
2021-12-27,"Dienst Gezondheid & Jeugd ZHZ",341,338,3
2021-12-27,"GGD Amsterdam",1335,1327,8
2021-12-27,"GGD Brabant-Zuidoost",618,615,3
2021-12-27,"GGD Drenthe",331,328,3
2021-12-27,"GGD Flevoland",519,508,11
2021-12-27,"GGD Fryslân",520,515,5
2021-12-27,"GGD Gelderland-Zuid",425,424,1
2021-12-27,"GGD Gooi en Vechtstreek",296,295,1
2021-12-27,"GGD Groningen",448,445,3
2021-12-27,"GGD Haaglanden",899,891,8
2021-12-27,"GGD Hart voor Brabant",834,833,1
2021-12-27,"GGD Hollands-Midden",545,542,3
2021-12-27,"GGD Hollands-Noorden",593,588,5
2021-12-27,"GGD IJsselland",385,383,2
2021-12-27,"GGD Kennemerland",652,646,6
2021-12-27,"GGD Limburg-Noord",318,316,2
2021-12-27,"GGD Noord- en Oost-Gelderland",585,580,5
2021-12-27,"GGD Regio Utrecht",857,854,3
2021-12-27,"GGD Rotterdam-Rijnmond",1257,1251,6
2021-12-27,"GGD Twente",537,535,2
2021-12-27,"GGD West-Brabant",597,595,2
2021-12-27,"GGD Zaanstreek/Waterland",382,367,15
2021-12-27,"GGD Zeeland",382,379,3
2021-12-27,"GGD Zuid-Limburg",501,499,2
2021-12-27,"Veiligheids- en Gezondheidsregio Gelderland-Midden",401,394,7
2021-12-28,"Dienst Gezondheid & Jeugd ZHZ",386,378,8
2021-12-28,"GGD Amsterdam",1288,1277,11
2021-12-28,"GGD Brabant-Zuidoost",677,675,2
2021-12-28,"GGD Drenthe",380,376,4
2021-12-28,"GGD Flevoland",472,465,7
2021-12-28,"GGD Fryslân",519,513,6
2021-12-28,"GGD Gelderland-Zuid",516,515,1
2021-12-28,"GGD Gooi en Vechtstreek",280,275,5
2021-12-28,"GGD Groningen",508,502,6
2021-12-28,"GGD Haaglanden",1003,997,6
2021-12-28,"GGD Hart voor Brabant",824,821,3
2021-12-28,"GGD Hollands-Midden",681,676,5
2021-12-28,"GGD Hollands-Noorden",551,544,7
2021-12-28,"GGD IJsselland",418,414,4
2021-12-28,"GGD Kennemerland",632,630,2
2021-12-28,"GGD Limburg-Noord",254,251,3
2021-12-28,"GGD Noord- en Oost-Gelderland",654,648,6
2021-12-28,"GGD Regio Utrecht",801,799,2
2021-12-28,"GGD Rotterdam-Rijnmond",1177,1169,8
2021-12-28,"GGD Twente",640,638,2
2021-12-28,"GGD West-Brabant",683,680,3
2021-12-28,"GGD Zaanstreek/Waterland",383,356,27
2021-12-28,"GGD Zeeland",345,343,2
2021-12-28,"GGD Zuid-Limburg",510,501,9
2021-12-28,"Veiligheids- en Gezondheidsregio Gelderland-Midden",526,522,4
2021-12-29,"Dienst Gezondheid & Jeugd ZHZ",326,313,13
2021-12-29,"GGD Amsterdam",1332,1304,28
2021-12-29,"GGD Brabant-Zuidoost",654,651,3
2021-12-29,"GGD Drenthe",399,395,4
2021-12-29,"GGD Flevoland",460,450,10
2021-12-29,"GGD Fryslân",553,546,7
2021-12-29,"GGD Gelderland-Zuid",451,446,5
2021-12-29,"GGD Gooi en Vechtstreek",287,284,3
2021-12-29,"GGD Groningen",430,420,10
2021-12-29,"GGD Haaglanden",759,743,16
2021-12-29,"GGD Hart voor Brabant",670,663,7
2021-12-29,"GGD Hollands-Midden",798,793,5
2021-12-29,"GGD Hollands-Noorden",608,601,7
2021-12-29,"GGD IJsselland",407,404,3
2021-12-29,"GGD Kennemerland",614,606,8
2021-12-29,"GGD Limburg-Noord",464,459,5
2021-12-29,"GGD Noord- en Oost-Gelderland",629,618,11
2021-12-29,"GGD Regio Utrecht",895,892,3
2021-12-29,"GGD Rotterdam-Rijnmond",1140,1124,16
2021-12-29,"GGD Twente",626,613,13
2021-12-29,"GGD West-Brabant",623,616,7
2021-12-29,"GGD Zaanstreek/Waterland",346,332,14
2021-12-29,"GGD Zeeland",325,315,10
2021-12-29,"GGD Zuid-Limburg",493,490,3
2021-12-29,"Veiligheids- en Gezondheidsregio Gelderland-Midden",534,535,-1
2021-12-30,"Dienst Gezondheid & Jeugd ZHZ",338,326,12
2021-12-30,"GGD Amsterdam",1201,1161,40
2021-12-30,"GGD Brabant-Zuidoost",605,589,16
2021-12-30,"GGD Drenthe",369,358,11
2021-12-30,"GGD Flevoland",390,377,13
2021-12-30,"GGD Fryslân",456,445,11
2021-12-30,"GGD Gelderland-Zuid",432,424,8
2021-12-30,"GGD Gooi en Vechtstreek",211,199,12
2021-12-30,"GGD Groningen",453,433,20
2021-12-30,"GGD Haaglanden",949,930,19
2021-12-30,"GGD Hart voor Brabant",688,660,28
2021-12-30,"GGD Hollands-Midden",815,811,4
2021-12-30,"GGD Hollands-Noorden",546,527,19
2021-12-30,"GGD IJsselland",372,357,15
2021-12-30,"GGD Kennemerland",607,591,16
2021-12-30,"GGD Limburg-Noord",259,249,10
2021-12-30,"GGD Noord- en Oost-Gelderland",576,553,23
2021-12-30,"GGD Regio Utrecht",1332,1326,6
2021-12-30,"GGD Rotterdam-Rijnmond",1564,1529,35
2021-12-30,"GGD Twente",621,611,10
2021-12-30,"GGD West-Brabant",568,555,13
2021-12-30,"GGD Zaanstreek/Waterland",302,319,-17
2021-12-30,"GGD Zeeland",311,306,5
2021-12-30,"GGD Zuid-Limburg",404,390,14
2021-12-30,"Veiligheids- en Gezondheidsregio Gelderland-Midden",440,436,4
2021-12-31,"Dienst Gezondheid & Jeugd ZHZ",354,322,32
2021-12-31,"GGD Amsterdam",1570,1508,62
2021-12-31,"GGD Brabant-Zuidoost",737,722,15
2021-12-31,"GGD Drenthe",354,330,24
2021-12-31,"GGD Flevoland",367,338,29
2021-12-31,"GGD Fryslân",413,393,20
2021-12-31,"GGD Gelderland-Zuid",467,451,16
2021-12-31,"GGD Gooi en Vechtstreek",198,181,17
2021-12-31,"GGD Groningen",459,430,29
2021-12-31,"GGD Haaglanden",1212,1169,43
2021-12-31,"GGD Hart voor Brabant",1281,1252,29
2021-12-31,"GGD Hollands-Midden",818,805,13
2021-12-31,"GGD Hollands-Noorden",536,504,32
2021-12-31,"GGD IJsselland",334,314,20
2021-12-31,"GGD Kennemerland",576,539,37
2021-12-31,"GGD Limburg-Noord",524,511,13
2021-12-31,"GGD Noord- en Oost-Gelderland",545,489,56
2021-12-31,"GGD Regio Utrecht",1672,1643,29
2021-12-31,"GGD Rotterdam-Rijnmond",1603,1561,42
2021-12-31,"GGD Twente",540,509,31
2021-12-31,"GGD West-Brabant",531,508,23
2021-12-31,"GGD Zaanstreek/Waterland",277,264,13
2021-12-31,"GGD Zeeland",274,267,7
2021-12-31,"GGD Zuid-Limburg",485,455,30
2021-12-31,"Veiligheids- en Gezondheidsregio Gelderland-Midden",638,630,8
2022-01-01,"Dienst Gezondheid & Jeugd ZHZ",307,225,82
2022-01-01,"GGD Amsterdam",1196,1067,129
2022-01-01,"GGD Brabant-Zuidoost",456,408,48
2022-01-01,"GGD Drenthe",346,305,41
2022-01-01,"GGD Flevoland",344,279,65
2022-01-01,"GGD Fryslân",448,394,54
2022-01-01,"GGD Gelderland-Zuid",471,420,51
2022-01-01,"GGD Gooi en Vechtstreek",222,183,39
2022-01-01,"GGD Groningen",415,340,75
2022-01-01,"GGD Haaglanden",994,923,71
2022-01-01,"GGD Hart voor Brabant",1011,951,60
2022-01-01,"GGD Hollands-Midden",548,535,13
2022-01-01,"GGD Hollands-Noorden",445,362,83
2022-01-01,"GGD IJsselland",317,269,48
2022-01-01,"GGD Kennemerland",622,536,86
2022-01-01,"GGD Limburg-Noord",320,296,24
2022-01-01,"GGD Noord- en Oost-Gelderland",520,418,102
2022-01-01,"GGD Regio Utrecht",1014,974,40
2022-01-01,"GGD Rotterdam-Rijnmond",883,794,89
2022-01-01,"GGD Twente",543,463,80
2022-01-01,"GGD West-Brabant",469,432,37
2022-01-01,"GGD Zaanstreek/Waterland",320,312,8
2022-01-01,"GGD Zeeland",258,221,37
2022-01-01,"GGD Zuid-Limburg",384,337,47
2022-01-01,"Veiligheids- en Gezondheidsregio Gelderland-Midden",373,361,12
2022-01-02,"Dienst Gezondheid & Jeugd ZHZ",325,229,96
2022-01-02,"GGD Amsterdam",1323,1119,204
2022-01-02,"GGD Brabant-Zuidoost",585,530,55
2022-01-02,"GGD Drenthe",405,310,95
2022-01-02,"GGD Flevoland",340,207,133
2022-01-02,"GGD Fryslân",460,307,153
2022-01-02,"GGD Gelderland-Zuid",587,482,105
2022-01-02,"GGD Gooi en Vechtstreek",246,161,85
2022-01-02,"GGD Groningen",444,289,155
2022-01-02,"GGD Haaglanden",688,523,165
2022-01-02,"GGD Hart voor Brabant",930,786,144
2022-01-02,"GGD Hollands-Midden",567,528,39
2022-01-02,"GGD Hollands-Noorden",447,273,174
2022-01-02,"GGD IJsselland",430,304,126
2022-01-02,"GGD Kennemerland",566,436,130
2022-01-02,"GGD Limburg-Noord",220,186,34
2022-01-02,"GGD Noord- en Oost-Gelderland",615,385,230
2022-01-02,"GGD Regio Utrecht",1017,939,78
2022-01-02,"GGD Rotterdam-Rijnmond",646,569,77
2022-01-02,"GGD Twente",713,543,170
2022-01-02,"GGD West-Brabant",562,440,122
2022-01-02,"GGD Zaanstreek/Waterland",320,296,24
2022-01-02,"GGD Zeeland",310,235,75
2022-01-02,"GGD Zuid-Limburg",414,322,92
2022-01-02,"Veiligheids- en Gezondheidsregio Gelderland-Midden",534,491,43
2022-01-03,"Dienst Gezondheid & Jeugd ZHZ",450,528,-78
2022-01-03,"GGD Amsterdam",1696,1496,200
2022-01-03,"GGD Brabant-Zuidoost",962,821,141
2022-01-03,"GGD Drenthe",391,319,72
2022-01-03,"GGD Flevoland",292,201,91
2022-01-03,"GGD Fryslân",375,161,214
2022-01-03,"GGD Gelderland-Zuid",495,312,183
2022-01-03,"GGD Gooi en Vechtstreek",168,97,71
2022-01-03,"GGD Groningen",303,185,118
2022-01-03,"GGD Haaglanden",918,783,135
2022-01-03,"GGD Hart voor Brabant",1160,897,263
2022-01-03,"GGD Hollands-Midden",876,792,84
2022-01-03,"GGD Hollands-Noorden",330,246,84
2022-01-03,"GGD IJsselland",345,182,163
2022-01-03,"GGD Kennemerland",582,449,133
2022-01-03,"GGD Limburg-Noord",338,229,109
2022-01-03,"GGD Noord- en Oost-Gelderland",607,557,50
2022-01-03,"GGD Regio Utrecht",1146,1131,15
2022-01-03,"GGD Rotterdam-Rijnmond",1557,1536,21
2022-01-03,"GGD Twente",659,362,297
2022-01-03,"GGD West-Brabant",640,445,195
2022-01-03,"GGD Zaanstreek/Waterland",475,354,121
2022-01-03,"GGD Zeeland",300,251,49
2022-01-03,"GGD Zuid-Limburg",344,246,98
2022-01-03,"Veiligheids- en Gezondheidsregio Gelderland-Midden",716,681,35
2022-01-04,"Dienst Gezondheid & Jeugd ZHZ",273,127,146
2022-01-04,"GGD Amsterdam",1838,1079,759
2022-01-04,"GGD Brabant-Zuidoost",1155,476,679
2022-01-04,"GGD Drenthe",287,214,73
2022-01-04,"GGD Flevoland",129,68,61
2022-01-04,"GGD Fryslân",118,46,72
2022-01-04,"GGD Gelderland-Zuid",317,301,16
2022-01-04,"GGD Gooi en Vechtstreek",119,66,53
2022-01-04,"GGD Groningen",347,348,-1
2022-01-04,"GGD Haaglanden",1168,551,617
2022-01-04,"GGD Hart voor Brabant",1266,893,373
2022-01-04,"GGD Hollands-Midden",1198,638,560
2022-01-04,"GGD Hollands-Noorden",124,43,81
2022-01-04,"GGD IJsselland",253,170,83
2022-01-04,"GGD Kennemerland",514,464,50
2022-01-04,"GGD Limburg-Noord",300,121,179
2022-01-04,"GGD Noord- en Oost-Gelderland",561,531,30
2022-01-04,"GGD Regio Utrecht",2642,2033,609
2022-01-04,"GGD Rotterdam-Rijnmond",2143,1100,1043
2022-01-04,"GGD Twente",321,75,246
2022-01-04,"GGD West-Brabant",420,326,94
2022-01-04,"GGD Zaanstreek/Waterland",349,98,251
2022-01-04,"GGD Zeeland",269,22,247
2022-01-04,"GGD Zuid-Limburg",396,115,281
2022-01-04,"Veiligheids- en Gezondheidsregio Gelderland-Midden",835,288,547
2022-01-05,"Dienst Gezondheid & Jeugd ZHZ",212,21,191
2022-01-05,"GGD Amsterdam",1263,87,1176
2022-01-05,"GGD Brabant-Zuidoost",609,7,602
2022-01-05,"GGD Drenthe",267,53,214
2022-01-05,"GGD Gelderland-Zuid",310,35,275
2022-01-05,"GGD Groningen",275,2,273
2022-01-05,"GGD Haaglanden",221,9,212
2022-01-05,"GGD Hart voor Brabant",1081,63,1018
2022-01-05,"GGD Hollands-Midden",261,58,203
2022-01-05,"GGD Hollands-Noorden",11,1,10
2022-01-05,"GGD IJsselland",248,26,222
2022-01-05,"GGD Kennemerland",563,28,535
2022-01-05,"GGD Noord- en Oost-Gelderland",402,19,383
2022-01-05,"GGD Regio Utrecht",1315,50,1265
2022-01-05,"GGD Rotterdam-Rijnmond",656,2,654
2022-01-05,"GGD West-Brabant",121,4,117
2022-01-05,"GGD Zaanstreek/Waterland",192,2,190
2022-01-05,"Veiligheids- en Gezondheidsregio Gelderland-Midden",389,11,378
