"Date_statistics","Municipal_health_service","cases.today","cases.yesterday","diff"
2020-09-30,"GGD West-Brabant",172,171,1
2020-10-25,"GGD Regio Utrecht",735,736,-1
2021-04-07,"GGD Regio Utrecht",571,570,1
2021-06-02,"GGD Haaglanden",182,181,1
2021-07-29,"GGD West-Brabant",84,83,1
2021-08-27,"GGD Regio Utrecht",178,177,1
2021-08-29,"GGD Regio Utrecht",187,186,1
2021-09-03,"GGD Regio Utrecht",201,202,-1
2021-09-04,"GGD Regio Utrecht",169,170,-1
2021-09-07,"Dienst Gezondheid & Jeugd ZHZ",57,56,1
2021-09-07,"GGD Brabant-Zuidoost",65,64,1
2021-09-08,"Dienst Gezondheid & Jeugd ZHZ",74,72,2
2021-09-08,"GGD Hollands-Noorden",63,62,1
2021-09-08,"GGD Twente",92,91,1
2021-09-09,"Dienst Gezondheid & Jeugd ZHZ",57,54,3
2021-09-09,"GGD Hollands-Noorden",77,76,1
2021-09-09,"GGD Regio Utrecht",179,178,1
2021-09-10,"Dienst Gezondheid & Jeugd ZHZ",46,41,5
2021-09-11,"Dienst Gezondheid & Jeugd ZHZ",56,60,-4
2021-09-11,"GGD Regio Utrecht",157,158,-1
2021-09-11,"GGD Zuid-Limburg",67,66,1
2021-09-12,"Dienst Gezondheid & Jeugd ZHZ",56,62,-6
2021-09-12,"GGD Rotterdam-Rijnmond",212,211,1
2021-09-13,"Dienst Gezondheid & Jeugd ZHZ",58,59,-1
2021-09-13,"GGD Hollands-Midden",122,121,1
2021-09-14,"Dienst Gezondheid & Jeugd ZHZ",81,80,1
2021-09-15,"GGD Hollands-Noorden",29,30,-1
2021-09-15,"GGD Regio Utrecht",199,198,1
2021-09-16,"GGD Hollands-Midden",108,109,-1
2021-09-16,"GGD Regio Utrecht",136,137,-1
2021-09-17,"Dienst Gezondheid & Jeugd ZHZ",39,38,1
2021-09-17,"GGD Brabant-Zuidoost",46,45,1
2021-09-17,"GGD Hart voor Brabant",91,90,1
2021-09-17,"GGD Hollands-Noorden",26,25,1
2021-09-17,"GGD Regio Utrecht",143,142,1
2021-09-18,"GGD Noord- en Oost-Gelderland",51,50,1
2021-09-18,"GGD West-Brabant",42,40,2
2021-09-18,"GGD Zaanstreek/Waterland",26,25,1
2021-09-18,"Veiligheids- en Gezondheidsregio Gelderland-Midden",89,88,1
2021-09-19,"GGD Brabant-Zuidoost",32,31,1
2021-09-19,"GGD Gelderland-Zuid",43,42,1
2021-09-19,"GGD Hollands-Noorden",35,36,-1
2021-09-19,"GGD Rotterdam-Rijnmond",167,166,1
2021-09-19,"GGD Twente",57,56,1
2021-09-19,"GGD Zeeland",33,32,1
2021-09-19,"GGD Zuid-Limburg",58,57,1
2021-09-20,"GGD Brabant-Zuidoost",29,30,-1
2021-09-20,"GGD Fryslân",95,94,1
2021-09-20,"GGD Haaglanden",136,135,1
2021-09-20,"GGD Hollands-Midden",89,87,2
2021-09-20,"GGD Regio Utrecht",191,190,1
2021-09-20,"GGD Rotterdam-Rijnmond",187,185,2
2021-09-20,"GGD West-Brabant",60,59,1
2021-09-20,"GGD Zaanstreek/Waterland",33,32,1
2021-09-21,"GGD Amsterdam",90,88,2
2021-09-21,"GGD Flevoland",39,38,1
2021-09-21,"GGD Haaglanden",145,144,1
2021-09-21,"GGD Hollands-Midden",99,101,-2
2021-09-21,"GGD Hollands-Noorden",30,29,1
2021-09-21,"GGD Regio Utrecht",180,179,1
2021-09-21,"GGD Rotterdam-Rijnmond",193,191,2
2021-09-21,"GGD Zaanstreek/Waterland",20,21,-1
2021-09-21,"GGD Zuid-Limburg",54,53,1
2021-09-21,"Veiligheids- en Gezondheidsregio Gelderland-Midden",91,90,1
2021-09-22,"GGD Amsterdam",85,83,2
2021-09-22,"GGD Gooi en Vechtstreek",21,20,1
2021-09-22,"GGD Haaglanden",122,121,1
2021-09-22,"GGD Hollands-Midden",89,88,1
2021-09-22,"GGD Hollands-Noorden",39,36,3
2021-09-22,"GGD Limburg-Noord",60,59,1
2021-09-22,"GGD Regio Utrecht",175,173,2
2021-09-22,"GGD Rotterdam-Rijnmond",152,151,1
2021-09-22,"GGD West-Brabant",41,40,1
2021-09-22,"GGD Zeeland",39,38,1
2021-09-22,"GGD Zuid-Limburg",64,63,1
2021-09-23,"GGD Brabant-Zuidoost",37,39,-2
2021-09-23,"GGD Flevoland",38,37,1
2021-09-23,"GGD Gelderland-Zuid",58,57,1
2021-09-23,"GGD Haaglanden",114,111,3
2021-09-23,"GGD IJsselland",44,43,1
2021-09-23,"GGD Limburg-Noord",59,57,2
2021-09-23,"GGD Noord- en Oost-Gelderland",65,64,1
2021-09-23,"GGD Regio Utrecht",143,141,2
2021-09-23,"GGD Rotterdam-Rijnmond",205,198,7
2021-09-23,"GGD Twente",66,65,1
2021-09-23,"GGD West-Brabant",41,40,1
2021-09-23,"GGD Zuid-Limburg",62,61,1
2021-09-23,"Veiligheids- en Gezondheidsregio Gelderland-Midden",65,64,1
2021-09-24,"GGD Drenthe",36,35,1
2021-09-24,"GGD Flevoland",42,41,1
2021-09-24,"GGD Fryslân",51,50,1
2021-09-24,"GGD Haaglanden",134,129,5
2021-09-24,"GGD Hart voor Brabant",78,77,1
2021-09-24,"GGD Hollands-Midden",78,76,2
2021-09-24,"GGD Noord- en Oost-Gelderland",65,63,2
2021-09-24,"GGD Regio Utrecht",143,138,5
2021-09-24,"GGD Rotterdam-Rijnmond",156,154,2
2021-09-24,"GGD West-Brabant",42,38,4
2021-09-24,"GGD Zaanstreek/Waterland",47,44,3
2021-09-24,"GGD Zuid-Limburg",65,63,2
2021-09-24,"Veiligheids- en Gezondheidsregio Gelderland-Midden",84,83,1
2021-09-25,"Dienst Gezondheid & Jeugd ZHZ",47,44,3
2021-09-25,"GGD Amsterdam",58,56,2
2021-09-25,"GGD Brabant-Zuidoost",50,49,1
2021-09-25,"GGD Drenthe",33,32,1
2021-09-25,"GGD Fryslân",64,62,2
2021-09-25,"GGD Gelderland-Zuid",65,63,2
2021-09-25,"GGD Gooi en Vechtstreek",29,27,2
2021-09-25,"GGD Groningen",27,26,1
2021-09-25,"GGD Haaglanden",109,105,4
2021-09-25,"GGD IJsselland",36,34,2
2021-09-25,"GGD Kennemerland",31,30,1
2021-09-25,"GGD Limburg-Noord",67,65,2
2021-09-25,"GGD Noord- en Oost-Gelderland",50,47,3
2021-09-25,"GGD Regio Utrecht",130,129,1
2021-09-25,"GGD Rotterdam-Rijnmond",150,147,3
2021-09-25,"GGD Twente",51,50,1
2021-09-25,"GGD West-Brabant",47,46,1
2021-09-25,"GGD Zeeland",18,17,1
2021-09-25,"Veiligheids- en Gezondheidsregio Gelderland-Midden",69,66,3
2021-09-26,"GGD Amsterdam",69,66,3
2021-09-26,"GGD Brabant-Zuidoost",37,33,4
2021-09-26,"GGD Drenthe",21,20,1
2021-09-26,"GGD Flevoland",37,36,1
2021-09-26,"GGD Fryslân",61,59,2
2021-09-26,"GGD Gelderland-Zuid",67,66,1
2021-09-26,"GGD Haaglanden",96,94,2
2021-09-26,"GGD Hart voor Brabant",57,55,2
2021-09-26,"GGD Hollands-Midden",83,80,3
2021-09-26,"GGD Hollands-Noorden",36,34,2
2021-09-26,"GGD IJsselland",48,44,4
2021-09-26,"GGD Limburg-Noord",61,60,1
2021-09-26,"GGD Noord- en Oost-Gelderland",48,42,6
2021-09-26,"GGD Regio Utrecht",159,157,2
2021-09-26,"GGD Rotterdam-Rijnmond",123,118,5
2021-09-26,"GGD Twente",52,50,2
2021-09-26,"GGD West-Brabant",48,44,4
2021-09-26,"GGD Zaanstreek/Waterland",26,23,3
2021-09-26,"GGD Zuid-Limburg",66,64,2
2021-09-26,"Veiligheids- en Gezondheidsregio Gelderland-Midden",80,78,2
2021-09-27,"Dienst Gezondheid & Jeugd ZHZ",40,38,2
2021-09-27,"GGD Amsterdam",97,89,8
2021-09-27,"GGD Brabant-Zuidoost",53,46,7
2021-09-27,"GGD Drenthe",23,21,2
2021-09-27,"GGD Flevoland",47,43,4
2021-09-27,"GGD Fryslân",60,57,3
2021-09-27,"GGD Gelderland-Zuid",35,31,4
2021-09-27,"GGD Gooi en Vechtstreek",19,17,2
2021-09-27,"GGD Groningen",32,30,2
2021-09-27,"GGD Haaglanden",109,98,11
2021-09-27,"GGD Hart voor Brabant",63,55,8
2021-09-27,"GGD Hollands-Midden",78,74,4
2021-09-27,"GGD IJsselland",43,41,2
2021-09-27,"GGD Kennemerland",42,36,6
2021-09-27,"GGD Limburg-Noord",63,56,7
2021-09-27,"GGD Noord- en Oost-Gelderland",47,41,6
2021-09-27,"GGD Regio Utrecht",168,150,18
2021-09-27,"GGD Rotterdam-Rijnmond",134,117,17
2021-09-27,"GGD Twente",58,57,1
2021-09-27,"GGD West-Brabant",49,44,5
2021-09-27,"GGD Zaanstreek/Waterland",16,17,-1
2021-09-27,"GGD Zeeland",39,38,1
2021-09-27,"GGD Zuid-Limburg",67,63,4
2021-09-27,"Veiligheids- en Gezondheidsregio Gelderland-Midden",84,70,14
2021-09-28,"Dienst Gezondheid & Jeugd ZHZ",54,49,5
2021-09-28,"GGD Amsterdam",80,68,12
2021-09-28,"GGD Brabant-Zuidoost",51,46,5
2021-09-28,"GGD Flevoland",32,22,10
2021-09-28,"GGD Fryslân",52,43,9
2021-09-28,"GGD Gelderland-Zuid",56,54,2
2021-09-28,"GGD Gooi en Vechtstreek",30,26,4
2021-09-28,"GGD Groningen",39,31,8
2021-09-28,"GGD Haaglanden",123,100,23
2021-09-28,"GGD Hart voor Brabant",55,44,11
2021-09-28,"GGD Hollands-Midden",60,57,3
2021-09-28,"GGD Hollands-Noorden",29,18,11
2021-09-28,"GGD IJsselland",59,53,6
2021-09-28,"GGD Kennemerland",33,29,4
2021-09-28,"GGD Limburg-Noord",46,42,4
2021-09-28,"GGD Noord- en Oost-Gelderland",65,49,16
2021-09-28,"GGD Regio Utrecht",121,101,20
2021-09-28,"GGD Rotterdam-Rijnmond",107,90,17
2021-09-28,"GGD Twente",54,49,5
2021-09-28,"GGD West-Brabant",36,29,7
2021-09-28,"GGD Zaanstreek/Waterland",16,15,1
2021-09-28,"GGD Zeeland",29,25,4
2021-09-28,"GGD Zuid-Limburg",64,54,10
2021-09-28,"Veiligheids- en Gezondheidsregio Gelderland-Midden",65,54,11
2021-09-29,"Dienst Gezondheid & Jeugd ZHZ",41,36,5
2021-09-29,"GGD Amsterdam",62,42,20
2021-09-29,"GGD Brabant-Zuidoost",44,40,4
2021-09-29,"GGD Drenthe",15,7,8
2021-09-29,"GGD Flevoland",33,24,9
2021-09-29,"GGD Fryslân",55,39,16
2021-09-29,"GGD Gelderland-Zuid",60,51,9
2021-09-29,"GGD Gooi en Vechtstreek",11,7,4
2021-09-29,"GGD Groningen",31,25,6
2021-09-29,"GGD Haaglanden",85,64,21
2021-09-29,"GGD Hart voor Brabant",47,44,3
2021-09-29,"GGD Hollands-Midden",60,44,16
2021-09-29,"GGD Hollands-Noorden",33,23,10
2021-09-29,"GGD IJsselland",31,22,9
2021-09-29,"GGD Kennemerland",26,21,5
2021-09-29,"GGD Limburg-Noord",59,47,12
2021-09-29,"GGD Noord- en Oost-Gelderland",46,38,8
2021-09-29,"GGD Regio Utrecht",106,92,14
2021-09-29,"GGD Rotterdam-Rijnmond",116,86,30
2021-09-29,"GGD Twente",43,34,9
2021-09-29,"GGD West-Brabant",34,25,9
2021-09-29,"GGD Zaanstreek/Waterland",16,12,4
2021-09-29,"GGD Zeeland",24,18,6
2021-09-29,"GGD Zuid-Limburg",56,47,9
2021-09-29,"Veiligheids- en Gezondheidsregio Gelderland-Midden",59,50,9
2021-09-30,"Dienst Gezondheid & Jeugd ZHZ",36,32,4
2021-09-30,"GGD Amsterdam",54,47,7
2021-09-30,"GGD Brabant-Zuidoost",29,20,9
2021-09-30,"GGD Drenthe",9,5,4
2021-09-30,"GGD Flevoland",29,24,5
2021-09-30,"GGD Fryslân",46,33,13
2021-09-30,"GGD Gelderland-Zuid",32,23,9
2021-09-30,"GGD Gooi en Vechtstreek",13,10,3
2021-09-30,"GGD Groningen",18,16,2
2021-09-30,"GGD Haaglanden",65,54,11
2021-09-30,"GGD Hart voor Brabant",48,38,10
2021-09-30,"GGD Hollands-Midden",59,38,21
2021-09-30,"GGD Hollands-Noorden",8,3,5
2021-09-30,"GGD IJsselland",32,23,9
2021-09-30,"GGD Kennemerland",21,11,10
2021-09-30,"GGD Limburg-Noord",19,14,5
2021-09-30,"GGD Noord- en Oost-Gelderland",48,49,-1
2021-09-30,"GGD Regio Utrecht",73,62,11
2021-09-30,"GGD Rotterdam-Rijnmond",102,130,-28
2021-09-30,"GGD Twente",30,23,7
2021-09-30,"GGD West-Brabant",31,23,8
2021-09-30,"GGD Zaanstreek/Waterland",20,11,9
2021-09-30,"GGD Zeeland",15,8,7
2021-09-30,"GGD Zuid-Limburg",51,33,18
2021-09-30,"Veiligheids- en Gezondheidsregio Gelderland-Midden",54,56,-2
2021-10-01,"Dienst Gezondheid & Jeugd ZHZ",26,30,-4
2021-10-01,"GGD Amsterdam",35,71,-36
2021-10-01,"GGD Brabant-Zuidoost",17,39,-22
2021-10-01,"GGD Drenthe",15,7,8
2021-10-01,"GGD Flevoland",22,13,9
2021-10-01,"GGD Fryslân",24,16,8
2021-10-01,"GGD Gelderland-Zuid",22,28,-6
2021-10-01,"GGD Gooi en Vechtstreek",9,6,3
2021-10-01,"GGD Groningen",16,31,-15
2021-10-01,"GGD Haaglanden",53,116,-63
2021-10-01,"GGD Hart voor Brabant",39,68,-29
2021-10-01,"GGD Hollands-Midden",24,63,-39
2021-10-01,"GGD Hollands-Noorden",13,4,9
2021-10-01,"GGD IJsselland",37,44,-7
2021-10-01,"GGD Kennemerland",15,24,-9
2021-10-01,"GGD Limburg-Noord",23,8,15
2021-10-01,"GGD Noord- en Oost-Gelderland",31,64,-33
2021-10-01,"GGD Regio Utrecht",55,63,-8
2021-10-01,"GGD Rotterdam-Rijnmond",75,119,-44
2021-10-01,"GGD Twente",15,26,-11
2021-10-01,"GGD West-Brabant",23,11,12
2021-10-01,"GGD Zaanstreek/Waterland",16,28,-12
2021-10-01,"GGD Zeeland",14,9,5
2021-10-01,"GGD Zuid-Limburg",20,26,-6
2021-10-01,"Veiligheids- en Gezondheidsregio Gelderland-Midden",62,82,-20
2021-10-02,"Dienst Gezondheid & Jeugd ZHZ",44,7,37
2021-10-02,"GGD Amsterdam",71,1,70
2021-10-02,"GGD Brabant-Zuidoost",37,3,34
2021-10-02,"GGD Gelderland-Zuid",43,19,24
2021-10-02,"GGD Groningen",41,21,20
2021-10-02,"GGD Haaglanden",110,20,90
2021-10-02,"GGD Hart voor Brabant",61,9,52
2021-10-02,"GGD Hollands-Midden",59,8,51
2021-10-02,"GGD IJsselland",32,4,28
2021-10-02,"GGD Kennemerland",22,13,9
2021-10-02,"GGD Noord- en Oost-Gelderland",85,1,84
2021-10-02,"GGD Regio Utrecht",42,13,29
2021-10-02,"GGD Rotterdam-Rijnmond",141,3,138
2021-10-02,"GGD Twente",24,4,20
2021-10-02,"GGD Zaanstreek/Waterland",11,5,6
2021-10-02,"GGD Zuid-Limburg",41,1,40
