"Date_statistics","Municipal_health_service","cases.today","cases.yesterday","diff"
2020-09-08,"GGD Amsterdam",259,258,1
2021-01-13,"GGD Haaglanden",256,255,1
2021-01-19,"GGD Zuid-Limburg",210,211,-1
2021-02-02,"GGD Zuid-Limburg",154,153,1
2021-02-03,"GGD Zuid-Limburg",158,159,-1
2021-02-13,"GGD Brabant-Zuidoost",179,178,1
2021-02-14,"GGD Brabant-Zuidoost",211,206,5
2021-02-15,"GGD Brabant-Zuidoost",249,248,1
2021-02-16,"GGD Brabant-Zuidoost",299,300,-1
2021-02-17,"GGD Brabant-Zuidoost",298,297,1
2021-02-18,"GGD Brabant-Zuidoost",267,266,1
2021-02-19,"GGD Brabant-Zuidoost",257,260,-3
2021-02-20,"GGD Brabant-Zuidoost",270,272,-2
2021-02-21,"GGD Brabant-Zuidoost",269,268,1
2021-02-22,"GGD Brabant-Zuidoost",273,274,-1
2021-02-23,"GGD Brabant-Zuidoost",258,257,1
2021-02-24,"GGD Brabant-Zuidoost",276,277,-1
2021-02-25,"GGD Brabant-Zuidoost",183,184,-1
2021-02-26,"GGD Brabant-Zuidoost",228,227,1
2021-02-27,"GGD Brabant-Zuidoost",220,219,1
2021-02-28,"GGD Brabant-Zuidoost",224,221,3
2021-03-01,"GGD Brabant-Zuidoost",252,255,-3
2021-03-02,"GGD Brabant-Zuidoost",260,261,-1
2021-03-03,"GGD Brabant-Zuidoost",230,229,1
2021-03-05,"GGD Brabant-Zuidoost",218,219,-1
2021-03-06,"GGD IJsselland",136,137,-1
2021-03-08,"GGD Noord- en Oost-Gelderland",265,264,1
2021-03-09,"GGD Brabant-Zuidoost",283,284,-1
2021-03-15,"GGD Amsterdam",389,390,-1
2021-03-16,"GGD Noord- en Oost-Gelderland",337,336,1
2021-03-17,"GGD Noord- en Oost-Gelderland",337,334,3
2021-03-18,"Veiligheids- en Gezondheidsregio Gelderland-Midden",181,182,-1
2021-03-19,"GGD Noord- en Oost-Gelderland",300,297,3
2021-03-20,"Veiligheids- en Gezondheidsregio Gelderland-Midden",199,198,1
2021-03-21,"GGD Kennemerland",247,246,1
2021-03-21,"GGD Noord- en Oost-Gelderland",302,295,7
2021-03-21,"Veiligheids- en Gezondheidsregio Gelderland-Midden",207,205,2
2021-03-22,"GGD Noord- en Oost-Gelderland",326,318,8
2021-03-22,"Veiligheids- en Gezondheidsregio Gelderland-Midden",227,222,5
2021-03-23,"GGD Noord- en Oost-Gelderland",348,347,1
2021-03-23,"Veiligheids- en Gezondheidsregio Gelderland-Midden",243,236,7
2021-03-24,"GGD Noord- en Oost-Gelderland",343,354,-11
2021-03-24,"Veiligheids- en Gezondheidsregio Gelderland-Midden",252,256,-4
2021-03-25,"GGD Noord- en Oost-Gelderland",361,367,-6
2021-03-25,"Veiligheids- en Gezondheidsregio Gelderland-Midden",216,222,-6
2021-03-26,"GGD Hart voor Brabant",533,531,2
2021-03-26,"GGD Noord- en Oost-Gelderland",334,341,-7
2021-03-27,"GGD Hart voor Brabant",531,528,3
2021-03-28,"GGD Hart voor Brabant",455,452,3
2021-03-28,"Veiligheids- en Gezondheidsregio Gelderland-Midden",179,181,-2
2021-03-29,"GGD Haaglanden",517,516,1
2021-03-29,"GGD Hart voor Brabant",565,561,4
2021-03-29,"Veiligheids- en Gezondheidsregio Gelderland-Midden",235,238,-3
2021-03-30,"Dienst Gezondheid & Jeugd ZHZ",278,277,1
2021-03-30,"GGD Haaglanden",500,499,1
2021-03-30,"GGD Hart voor Brabant",595,601,-6
2021-03-31,"GGD Hart voor Brabant",590,593,-3
2021-04-01,"Dienst Gezondheid & Jeugd ZHZ",258,253,5
2021-04-01,"GGD Hart voor Brabant",497,493,4
2021-04-01,"GGD Rotterdam-Rijnmond",641,643,-2
2021-04-02,"Dienst Gezondheid & Jeugd ZHZ",235,237,-2
2021-04-02,"GGD Hart voor Brabant",524,522,2
2021-04-03,"Dienst Gezondheid & Jeugd ZHZ",222,213,9
2021-04-03,"GGD Brabant-Zuidoost",300,299,1
2021-04-03,"GGD Hart voor Brabant",506,508,-2
2021-04-04,"Dienst Gezondheid & Jeugd ZHZ",199,195,4
2021-04-04,"GGD Brabant-Zuidoost",308,307,1
2021-04-04,"GGD Hart voor Brabant",479,482,-3
2021-04-04,"GGD Noord- en Oost-Gelderland",291,290,1
2021-04-04,"GGD Rotterdam-Rijnmond",618,616,2
2021-04-05,"Dienst Gezondheid & Jeugd ZHZ",257,259,-2
2021-04-05,"GGD Brabant-Zuidoost",303,302,1
2021-04-05,"GGD Haaglanden",473,472,1
2021-04-05,"GGD Hart voor Brabant",538,541,-3
2021-04-05,"GGD Rotterdam-Rijnmond",628,627,1
2021-04-06,"Dienst Gezondheid & Jeugd ZHZ",279,282,-3
2021-04-06,"GGD Amsterdam",390,389,1
2021-04-06,"GGD Brabant-Zuidoost",381,379,2
2021-04-06,"GGD Hollands-Noorden",280,279,1
2021-04-07,"Dienst Gezondheid & Jeugd ZHZ",312,313,-1
2021-04-07,"GGD Brabant-Zuidoost",423,424,-1
2021-04-07,"GGD Haaglanden",537,538,-1
2021-04-07,"GGD Hollands-Noorden",274,269,5
2021-04-07,"GGD Rotterdam-Rijnmond",787,788,-1
2021-04-08,"Dienst Gezondheid & Jeugd ZHZ",241,252,-11
2021-04-08,"GGD Brabant-Zuidoost",416,418,-2
2021-04-08,"GGD Haaglanden",498,497,1
2021-04-08,"GGD Hart voor Brabant",558,560,-2
2021-04-08,"GGD Hollands-Noorden",276,275,1
2021-04-08,"GGD Noord- en Oost-Gelderland",359,358,1
2021-04-08,"GGD Regio Utrecht",504,503,1
2021-04-08,"GGD Rotterdam-Rijnmond",734,735,-1
2021-04-09,"GGD Flevoland",168,167,1
2021-04-09,"GGD Hart voor Brabant",561,563,-2
2021-04-09,"GGD Hollands-Midden",378,377,1
2021-04-09,"GGD Hollands-Noorden",268,270,-2
2021-04-09,"GGD Regio Twente",202,201,1
2021-04-10,"GGD Gelderland-Zuid",244,243,1
2021-04-10,"GGD Hollands-Noorden",288,289,-1
2021-04-10,"GGD Rotterdam-Rijnmond",686,687,-1
2021-04-10,"Veiligheids- en Gezondheidsregio Gelderland-Midden",268,267,1
2021-04-11,"GGD Amsterdam",301,300,1
2021-04-11,"GGD Groningen",134,133,1
2021-04-11,"GGD Hart voor Brabant",546,547,-1
2021-04-11,"GGD Regio Utrecht",484,485,-1
2021-04-11,"GGD Rotterdam-Rijnmond",673,672,1
2021-04-12,"GGD Amsterdam",379,378,1
2021-04-12,"GGD Brabant-Zuidoost",388,387,1
2021-04-12,"GGD Haaglanden",516,513,3
2021-04-12,"GGD Hollands-Noorden",254,253,1
2021-04-12,"GGD IJsselland",195,194,1
2021-04-12,"GGD Noord- en Oost-Gelderland",369,368,1
2021-04-12,"GGD Regio Utrecht",550,551,-1
2021-04-12,"GGD Rotterdam-Rijnmond",812,811,1
2021-04-13,"GGD Brabant-Zuidoost",386,385,1
2021-04-13,"GGD Kennemerland",226,225,1
2021-04-13,"GGD Limburg-Noord",314,312,2
2021-04-13,"GGD Regio Twente",227,228,-1
2021-04-13,"GGD Regio Utrecht",625,624,1
2021-04-13,"GGD Rotterdam-Rijnmond",766,764,2
2021-04-13,"GGD Zaanstreek/Waterland",150,148,2
2021-04-13,"GGD Zuid-Limburg",313,311,2
2021-04-14,"Dienst Gezondheid & Jeugd ZHZ",347,346,1
2021-04-14,"GGD Flevoland",140,141,-1
2021-04-14,"GGD Gooi en Vechtstreek",114,113,1
2021-04-14,"GGD Haaglanden",534,532,2
2021-04-14,"GGD Hart voor Brabant",675,674,1
2021-04-14,"GGD Hollands-Noorden",241,240,1
2021-04-14,"GGD Regio Utrecht",578,579,-1
2021-04-14,"GGD Rotterdam-Rijnmond",764,763,1
2021-04-15,"GGD Amsterdam",402,401,1
2021-04-15,"GGD Brabant-Zuidoost",459,458,1
2021-04-15,"GGD Flevoland",180,179,1
2021-04-15,"GGD Frysl창n",220,219,1
2021-04-15,"GGD Gelderland-Zuid",243,242,1
2021-04-15,"GGD Groningen",162,163,-1
2021-04-15,"GGD Haaglanden",550,549,1
2021-04-15,"GGD Hart voor Brabant",570,571,-1
2021-04-15,"GGD Hollands-Noorden",249,246,3
2021-04-15,"GGD Limburg-Noord",297,293,4
2021-04-15,"GGD Noord- en Oost-Gelderland",412,411,1
2021-04-15,"GGD Regio Twente",239,238,1
2021-04-15,"GGD Rotterdam-Rijnmond",742,743,-1
2021-04-15,"GGD Zaanstreek/Waterland",132,131,1
2021-04-15,"GGD Zeeland",171,170,1
2021-04-15,"GGD Zuid-Limburg",331,330,1
2021-04-16,"GGD Amsterdam",451,448,3
2021-04-16,"GGD Brabant-Zuidoost",398,399,-1
2021-04-16,"GGD Flevoland",144,143,1
2021-04-16,"GGD Frysl창n",221,220,1
2021-04-16,"GGD Gooi en Vechtstreek",112,111,1
2021-04-16,"GGD Haaglanden",563,562,1
2021-04-16,"GGD Limburg-Noord",310,308,2
2021-04-16,"GGD Rotterdam-Rijnmond",767,766,1
2021-04-16,"GGD West-Brabant",323,322,1
2021-04-16,"GGD Zaanstreek/Waterland",164,162,2
2021-04-16,"GGD Zuid-Limburg",332,331,1
2021-04-17,"GGD Amsterdam",400,399,1
2021-04-17,"GGD Brabant-Zuidoost",414,412,2
2021-04-17,"GGD Hart voor Brabant",621,619,2
2021-04-17,"GGD Hollands-Midden",386,385,1
2021-04-17,"GGD Hollands-Noorden",215,214,1
2021-04-17,"GGD Kennemerland",195,194,1
2021-04-17,"GGD Regio Twente",223,222,1
2021-04-17,"GGD Rotterdam-Rijnmond",733,732,1
2021-04-17,"GGD Zaanstreek/Waterland",138,136,2
2021-04-17,"GGD Zuid-Limburg",320,318,2
2021-04-18,"Dienst Gezondheid & Jeugd ZHZ",323,319,4
2021-04-18,"GGD Amsterdam",317,313,4
2021-04-18,"GGD Brabant-Zuidoost",384,383,1
2021-04-18,"GGD Frysl창n",220,219,1
2021-04-18,"GGD Gooi en Vechtstreek",94,93,1
2021-04-18,"GGD Haaglanden",555,552,3
2021-04-18,"GGD Hart voor Brabant",578,577,1
2021-04-18,"GGD Hollands-Midden",412,410,2
2021-04-18,"GGD Regio Twente",207,206,1
2021-04-18,"GGD Regio Utrecht",533,532,1
2021-04-18,"GGD Rotterdam-Rijnmond",728,720,8
2021-04-18,"GGD Zaanstreek/Waterland",121,112,9
2021-04-18,"GGD Zuid-Limburg",300,297,3
2021-04-19,"Dienst Gezondheid & Jeugd ZHZ",290,289,1
2021-04-19,"GGD Amsterdam",421,413,8
2021-04-19,"GGD Brabant-Zuidoost",461,459,2
2021-04-19,"GGD Drenthe",133,131,2
2021-04-19,"GGD Flevoland",155,154,1
2021-04-19,"GGD Gelderland-Zuid",311,308,3
2021-04-19,"GGD Groningen",197,196,1
2021-04-19,"GGD Haaglanden",594,584,10
2021-04-19,"GGD Hart voor Brabant",658,655,3
2021-04-19,"GGD Hollands-Midden",441,438,3
2021-04-19,"GGD Hollands-Noorden",280,278,2
2021-04-19,"GGD IJsselland",217,215,2
2021-04-19,"GGD Kennemerland",246,243,3
2021-04-19,"GGD Limburg-Noord",342,340,2
2021-04-19,"GGD Noord- en Oost-Gelderland",394,393,1
2021-04-19,"GGD Regio Twente",251,247,4
2021-04-19,"GGD Rotterdam-Rijnmond",814,800,14
2021-04-19,"GGD Zaanstreek/Waterland",133,124,9
2021-04-19,"GGD Zeeland",168,166,2
2021-04-19,"GGD Zuid-Limburg",410,409,1
2021-04-19,"Veiligheids- en Gezondheidsregio Gelderland-Midden",298,293,5
2021-04-20,"Dienst Gezondheid & Jeugd ZHZ",333,329,4
2021-04-20,"GGD Amsterdam",451,450,1
2021-04-20,"GGD Brabant-Zuidoost",430,427,3
2021-04-20,"GGD Flevoland",156,153,3
2021-04-20,"GGD Frysl창n",216,214,2
2021-04-20,"GGD Gelderland-Zuid",317,316,1
2021-04-20,"GGD Gooi en Vechtstreek",94,93,1
2021-04-20,"GGD Groningen",184,183,1
2021-04-20,"GGD Haaglanden",546,539,7
2021-04-20,"GGD Hart voor Brabant",661,659,2
2021-04-20,"GGD Hollands-Midden",398,395,3
2021-04-20,"GGD Hollands-Noorden",225,223,2
2021-04-20,"GGD IJsselland",221,218,3
2021-04-20,"GGD Kennemerland",211,210,1
2021-04-20,"GGD Limburg-Noord",321,320,1
2021-04-20,"GGD Noord- en Oost-Gelderland",374,372,2
2021-04-20,"GGD Regio Twente",269,268,1
2021-04-20,"GGD Regio Utrecht",613,614,-1
2021-04-20,"GGD Rotterdam-Rijnmond",767,760,7
2021-04-20,"GGD West-Brabant",389,379,10
2021-04-20,"GGD Zaanstreek/Waterland",143,146,-3
2021-04-20,"GGD Zeeland",217,215,2
2021-04-20,"GGD Zuid-Limburg",361,360,1
2021-04-20,"Veiligheids- en Gezondheidsregio Gelderland-Midden",300,298,2
2021-04-21,"Dienst Gezondheid & Jeugd ZHZ",300,297,3
2021-04-21,"GGD Amsterdam",388,380,8
2021-04-21,"GGD Brabant-Zuidoost",454,446,8
2021-04-21,"GGD Drenthe",139,134,5
2021-04-21,"GGD Flevoland",130,129,1
2021-04-21,"GGD Frysl창n",211,212,-1
2021-04-21,"GGD Gelderland-Zuid",282,281,1
2021-04-21,"GGD Gooi en Vechtstreek",98,97,1
2021-04-21,"GGD Groningen",162,159,3
2021-04-21,"GGD Haaglanden",515,511,4
2021-04-21,"GGD Hart voor Brabant",658,652,6
2021-04-21,"GGD Hollands-Midden",422,417,5
2021-04-21,"GGD Hollands-Noorden",242,238,4
2021-04-21,"GGD IJsselland",227,224,3
2021-04-21,"GGD Kennemerland",232,226,6
2021-04-21,"GGD Limburg-Noord",310,309,1
2021-04-21,"GGD Noord- en Oost-Gelderland",374,369,5
2021-04-21,"GGD Regio Twente",259,256,3
2021-04-21,"GGD Regio Utrecht",619,613,6
2021-04-21,"GGD Rotterdam-Rijnmond",773,766,7
2021-04-21,"GGD West-Brabant",349,345,4
2021-04-21,"GGD Zaanstreek/Waterland",136,151,-15
2021-04-21,"GGD Zeeland",198,194,4
2021-04-21,"GGD Zuid-Limburg",377,371,6
2021-04-21,"Veiligheids- en Gezondheidsregio Gelderland-Midden",284,282,2
2021-04-22,"Dienst Gezondheid & Jeugd ZHZ",257,254,3
2021-04-22,"GGD Amsterdam",337,327,10
2021-04-22,"GGD Brabant-Zuidoost",423,415,8
2021-04-22,"GGD Flevoland",130,123,7
2021-04-22,"GGD Frysl창n",188,185,3
2021-04-22,"GGD Gelderland-Zuid",288,280,8
2021-04-22,"GGD Gooi en Vechtstreek",71,69,2
2021-04-22,"GGD Groningen",161,160,1
2021-04-22,"GGD Haaglanden",514,496,18
2021-04-22,"GGD Hart voor Brabant",635,624,11
2021-04-22,"GGD Hollands-Midden",339,338,1
2021-04-22,"GGD Hollands-Noorden",219,218,1
2021-04-22,"GGD IJsselland",182,178,4
2021-04-22,"GGD Kennemerland",196,192,4
2021-04-22,"GGD Limburg-Noord",325,318,7
2021-04-22,"GGD Noord- en Oost-Gelderland",332,326,6
2021-04-22,"GGD Regio Twente",224,218,6
2021-04-22,"GGD Regio Utrecht",565,547,18
2021-04-22,"GGD Rotterdam-Rijnmond",674,639,35
2021-04-22,"GGD West-Brabant",297,290,7
2021-04-22,"GGD Zaanstreek/Waterland",143,145,-2
2021-04-22,"GGD Zeeland",175,169,6
2021-04-22,"GGD Zuid-Limburg",367,361,6
2021-04-22,"Veiligheids- en Gezondheidsregio Gelderland-Midden",281,275,6
2021-04-23,"Dienst Gezondheid & Jeugd ZHZ",243,228,15
2021-04-23,"GGD Amsterdam",320,299,21
2021-04-23,"GGD Brabant-Zuidoost",392,370,22
2021-04-23,"GGD Drenthe",115,112,3
2021-04-23,"GGD Flevoland",126,120,6
2021-04-23,"GGD Frysl창n",152,146,6
2021-04-23,"GGD Gelderland-Zuid",270,265,5
2021-04-23,"GGD Gooi en Vechtstreek",72,64,8
2021-04-23,"GGD Groningen",146,139,7
2021-04-23,"GGD Haaglanden",479,469,10
2021-04-23,"GGD Hart voor Brabant",623,601,22
2021-04-23,"GGD Hollands-Midden",327,318,9
2021-04-23,"GGD Hollands-Noorden",199,191,8
2021-04-23,"GGD IJsselland",151,143,8
2021-04-23,"GGD Kennemerland",178,167,11
2021-04-23,"GGD Limburg-Noord",289,274,15
2021-04-23,"GGD Noord- en Oost-Gelderland",338,325,13
2021-04-23,"GGD Regio Twente",274,262,12
2021-04-23,"GGD Regio Utrecht",419,403,16
2021-04-23,"GGD Rotterdam-Rijnmond",650,618,32
2021-04-23,"GGD West-Brabant",313,305,8
2021-04-23,"GGD Zaanstreek/Waterland",115,113,2
2021-04-23,"GGD Zeeland",144,139,5
2021-04-23,"GGD Zuid-Limburg",322,304,18
2021-04-23,"Veiligheids- en Gezondheidsregio Gelderland-Midden",233,223,10
2021-04-24,"Dienst Gezondheid & Jeugd ZHZ",170,156,14
2021-04-24,"GGD Amsterdam",298,274,24
2021-04-24,"GGD Brabant-Zuidoost",377,346,31
2021-04-24,"GGD Drenthe",111,107,4
2021-04-24,"GGD Flevoland",111,100,11
2021-04-24,"GGD Frysl창n",154,151,3
2021-04-24,"GGD Gelderland-Zuid",232,217,15
2021-04-24,"GGD Gooi en Vechtstreek",76,75,1
2021-04-24,"GGD Groningen",138,123,15
2021-04-24,"GGD Haaglanden",404,370,34
2021-04-24,"GGD Hart voor Brabant",578,546,32
2021-04-24,"GGD Hollands-Midden",297,278,19
2021-04-24,"GGD Hollands-Noorden",194,177,17
2021-04-24,"GGD IJsselland",178,163,15
2021-04-24,"GGD Kennemerland",169,161,8
2021-04-24,"GGD Limburg-Noord",239,212,27
2021-04-24,"GGD Noord- en Oost-Gelderland",271,250,21
2021-04-24,"GGD Regio Twente",199,180,19
2021-04-24,"GGD Regio Utrecht",428,404,24
2021-04-24,"GGD Rotterdam-Rijnmond",553,502,51
2021-04-24,"GGD West-Brabant",293,269,24
2021-04-24,"GGD Zaanstreek/Waterland",77,69,8
2021-04-24,"GGD Zeeland",150,125,25
2021-04-24,"GGD Zuid-Limburg",256,245,11
2021-04-24,"Veiligheids- en Gezondheidsregio Gelderland-Midden",246,228,18
2021-04-25,"Dienst Gezondheid & Jeugd ZHZ",188,172,16
2021-04-25,"GGD Amsterdam",246,211,35
2021-04-25,"GGD Brabant-Zuidoost",316,252,64
2021-04-25,"GGD Drenthe",93,84,9
2021-04-25,"GGD Flevoland",91,74,17
2021-04-25,"GGD Frysl창n",146,136,10
2021-04-25,"GGD Gelderland-Zuid",236,196,40
2021-04-25,"GGD Gooi en Vechtstreek",48,43,5
2021-04-25,"GGD Groningen",128,113,15
2021-04-25,"GGD Haaglanden",332,302,30
2021-04-25,"GGD Hart voor Brabant",524,482,42
2021-04-25,"GGD Hollands-Midden",294,267,27
2021-04-25,"GGD Hollands-Noorden",170,147,23
2021-04-25,"GGD IJsselland",132,115,17
2021-04-25,"GGD Kennemerland",146,125,21
2021-04-25,"GGD Limburg-Noord",222,190,32
2021-04-25,"GGD Noord- en Oost-Gelderland",261,230,31
2021-04-25,"GGD Regio Twente",183,160,23
2021-04-25,"GGD Regio Utrecht",378,321,57
2021-04-25,"GGD Rotterdam-Rijnmond",427,343,84
2021-04-25,"GGD West-Brabant",232,205,27
2021-04-25,"GGD Zaanstreek/Waterland",94,87,7
2021-04-25,"GGD Zeeland",118,106,12
2021-04-25,"GGD Zuid-Limburg",245,211,34
2021-04-25,"Veiligheids- en Gezondheidsregio Gelderland-Midden",215,196,19
2021-04-26,"Dienst Gezondheid & Jeugd ZHZ",194,169,25
2021-04-26,"GGD Amsterdam",288,228,60
2021-04-26,"GGD Brabant-Zuidoost",294,241,53
2021-04-26,"GGD Drenthe",104,80,24
2021-04-26,"GGD Flevoland",98,67,31
2021-04-26,"GGD Frysl창n",134,106,28
2021-04-26,"GGD Gelderland-Zuid",209,158,51
2021-04-26,"GGD Gooi en Vechtstreek",59,45,14
2021-04-26,"GGD Groningen",98,81,17
2021-04-26,"GGD Haaglanden",353,268,85
2021-04-26,"GGD Hart voor Brabant",517,383,134
2021-04-26,"GGD Hollands-Midden",270,216,54
2021-04-26,"GGD Hollands-Noorden",129,111,18
2021-04-26,"GGD IJsselland",149,116,33
2021-04-26,"GGD Kennemerland",123,96,27
2021-04-26,"GGD Limburg-Noord",252,185,67
2021-04-26,"GGD Noord- en Oost-Gelderland",245,195,50
2021-04-26,"GGD Regio Twente",176,118,58
2021-04-26,"GGD Regio Utrecht",351,298,53
2021-04-26,"GGD Rotterdam-Rijnmond",452,344,108
2021-04-26,"GGD West-Brabant",238,180,58
2021-04-26,"GGD Zaanstreek/Waterland",83,74,9
2021-04-26,"GGD Zeeland",116,90,26
2021-04-26,"GGD Zuid-Limburg",263,203,60
2021-04-26,"Veiligheids- en Gezondheidsregio Gelderland-Midden",185,143,42
2021-04-27,"Dienst Gezondheid & Jeugd ZHZ",133,123,10
2021-04-27,"GGD Amsterdam",186,139,47
2021-04-27,"GGD Brabant-Zuidoost",249,290,-41
2021-04-27,"GGD Drenthe",100,71,29
2021-04-27,"GGD Flevoland",55,27,28
2021-04-27,"GGD Frysl창n",113,68,45
2021-04-27,"GGD Gelderland-Zuid",191,130,61
2021-04-27,"GGD Gooi en Vechtstreek",50,25,25
2021-04-27,"GGD Groningen",100,84,16
2021-04-27,"GGD Haaglanden",263,175,88
2021-04-27,"GGD Hart voor Brabant",398,240,158
2021-04-27,"GGD Hollands-Midden",184,128,56
2021-04-27,"GGD Hollands-Noorden",99,81,18
2021-04-27,"GGD IJsselland",107,119,-12
2021-04-27,"GGD Kennemerland",93,73,20
2021-04-27,"GGD Limburg-Noord",208,158,50
2021-04-27,"GGD Noord- en Oost-Gelderland",186,136,50
2021-04-27,"GGD Regio Twente",142,82,60
2021-04-27,"GGD Regio Utrecht",293,238,55
2021-04-27,"GGD Rotterdam-Rijnmond",352,342,10
2021-04-27,"GGD West-Brabant",210,134,76
2021-04-27,"GGD Zaanstreek/Waterland",103,106,-3
2021-04-27,"GGD Zeeland",119,82,37
2021-04-27,"GGD Zuid-Limburg",199,148,51
2021-04-27,"Veiligheids- en Gezondheidsregio Gelderland-Midden",178,142,36
2021-04-28,"Dienst Gezondheid & Jeugd ZHZ",97,129,-32
2021-04-28,"GGD Amsterdam",123,223,-100
2021-04-28,"GGD Brabant-Zuidoost",224,244,-20
2021-04-28,"GGD Drenthe",61,31,30
2021-04-28,"GGD Flevoland",49,35,14
2021-04-28,"GGD Frysl창n",62,37,25
2021-04-28,"GGD Gelderland-Zuid",93,108,-15
2021-04-28,"GGD Gooi en Vechtstreek",24,25,-1
2021-04-28,"GGD Groningen",67,137,-70
2021-04-28,"GGD Haaglanden",180,233,-53
2021-04-28,"GGD Hart voor Brabant",281,347,-66
2021-04-28,"GGD Hollands-Midden",146,204,-58
2021-04-28,"GGD Hollands-Noorden",50,23,27
2021-04-28,"GGD IJsselland",117,142,-25
2021-04-28,"GGD Kennemerland",79,123,-44
2021-04-28,"GGD Limburg-Noord",128,26,102
2021-04-28,"GGD Noord- en Oost-Gelderland",137,173,-36
2021-04-28,"GGD Regio Twente",106,154,-48
2021-04-28,"GGD Regio Utrecht",213,157,56
2021-04-28,"GGD Rotterdam-Rijnmond",384,474,-90
2021-04-28,"GGD West-Brabant",98,31,67
2021-04-28,"GGD Zaanstreek/Waterland",71,78,-7
2021-04-28,"GGD Zeeland",74,33,41
2021-04-28,"GGD Zuid-Limburg",117,69,48
2021-04-29,"Dienst Gezondheid & Jeugd ZHZ",225,34,191
2021-04-29,"GGD Amsterdam",269,46,223
2021-04-29,"GGD Brabant-Zuidoost",241,24,217
2021-04-29,"GGD Flevoland",32,5,27
2021-04-29,"GGD Frysl창n",27,2,25
2021-04-29,"GGD Gelderland-Zuid",144,125,19
2021-04-29,"GGD Gooi en Vechtstreek",21,1,20
2021-04-29,"GGD Groningen",134,5,129
2021-04-29,"GGD Haaglanden",283,60,223
2021-04-29,"GGD Hart voor Brabant",367,11,356
2021-04-29,"GGD Hollands-Midden",218,129,89
2021-04-29,"GGD Hollands-Noorden",30,2,28
2021-04-29,"GGD IJsselland",128,44,84
2021-04-29,"GGD Kennemerland",133,43,90
2021-04-29,"GGD Limburg-Noord",41,1,40
2021-04-29,"GGD Noord- en Oost-Gelderland",224,31,193
2021-04-29,"GGD Regio Twente",175,1,174
2021-04-29,"GGD Regio Utrecht",348,139,209
2021-04-29,"GGD Rotterdam-Rijnmond",480,1,479
2021-04-29,"GGD Zaanstreek/Waterland",110,8,102
2021-04-29,"GGD Zeeland",55,1,54
2021-04-29,"GGD Zuid-Limburg",142,31,111
2021-04-29,"Veiligheids- en Gezondheidsregio Gelderland-Midden",238,24,214
