"Date_statistics","Municipal_health_service","cases.today","cases.yesterday","diff"
2020-09-28,"Dienst Gezondheid & Jeugd ZHZ",139,138,1
2020-09-30,"Dienst Gezondheid & Jeugd ZHZ",139,138,1
2020-10-02,"Dienst Gezondheid & Jeugd ZHZ",202,201,1
2020-10-05,"Dienst Gezondheid & Jeugd ZHZ",254,253,1
2020-10-07,"Dienst Gezondheid & Jeugd ZHZ",225,223,2
2020-10-09,"Dienst Gezondheid & Jeugd ZHZ",232,233,-1
2020-10-10,"Dienst Gezondheid & Jeugd ZHZ",247,244,3
2020-10-11,"Dienst Gezondheid & Jeugd ZHZ",229,223,6
2020-10-12,"Dienst Gezondheid & Jeugd ZHZ",280,276,4
2020-10-13,"Dienst Gezondheid & Jeugd ZHZ",270,267,3
2020-10-14,"Dienst Gezondheid & Jeugd ZHZ",269,262,7
2020-10-15,"Dienst Gezondheid & Jeugd ZHZ",278,272,6
2020-10-16,"Dienst Gezondheid & Jeugd ZHZ",286,269,17
2020-10-17,"Dienst Gezondheid & Jeugd ZHZ",271,258,13
2020-10-18,"Dienst Gezondheid & Jeugd ZHZ",259,262,-3
2020-10-19,"Dienst Gezondheid & Jeugd ZHZ",285,280,5
2020-10-20,"Dienst Gezondheid & Jeugd ZHZ",347,361,-14
2020-10-21,"Dienst Gezondheid & Jeugd ZHZ",329,369,-40
2020-10-22,"Dienst Gezondheid & Jeugd ZHZ",395,407,-12
2021-01-23,"GGD Zuid-Limburg",150,151,-1
2021-02-05,"GGD Hollands-Midden",161,158,3
2021-02-06,"GGD Hollands-Midden",133,136,-3
2021-02-14,"GGD Hart voor Brabant",243,242,1
2021-02-19,"GGD Zuid-Limburg",136,135,1
2021-02-24,"GGD Groningen",170,169,1
2021-02-27,"GGD Brabant-Zuidoost",218,217,1
2021-02-27,"GGD Hollands-Midden",202,201,1
2021-02-28,"GGD Hollands-Midden",187,188,-1
2021-02-28,"GGD Rotterdam-Rijnmond",314,313,1
2021-03-02,"GGD Rotterdam-Rijnmond",361,360,1
2021-03-03,"GGD Brabant-Zuidoost",229,230,-1
2021-03-04,"GGD Rotterdam-Rijnmond",380,379,1
2021-03-05,"GGD Rotterdam-Rijnmond",428,429,-1
2021-03-06,"GGD Rotterdam-Rijnmond",416,417,-1
2021-03-10,"GGD Groningen",165,166,-1
2021-03-10,"GGD Rotterdam-Rijnmond",536,537,-1
2021-03-13,"GGD Regio Utrecht",397,395,2
2021-03-14,"GGD Hart voor Brabant",445,444,1
2021-03-14,"GGD IJsselland",157,156,1
2021-03-14,"GGD West-Brabant",179,178,1
2021-03-17,"GGD Limburg-Noord",251,250,1
2021-03-17,"GGD Zaanstreek/Waterland",202,201,1
2021-03-18,"Dienst Gezondheid & Jeugd ZHZ",228,227,1
2021-03-19,"Dienst Gezondheid & Jeugd ZHZ",274,272,2
2021-03-19,"GGD Hart voor Brabant",446,445,1
2021-03-19,"GGD Limburg-Noord",277,276,1
2021-03-19,"GGD Rotterdam-Rijnmond",630,629,1
2021-03-20,"Dienst Gezondheid & Jeugd ZHZ",237,233,4
2021-03-20,"GGD Haaglanden",445,444,1
2021-03-20,"GGD Limburg-Noord",255,254,1
2021-03-21,"Dienst Gezondheid & Jeugd ZHZ",259,258,1
2021-03-21,"GGD Hollands-Midden",312,311,1
2021-03-21,"GGD Rotterdam-Rijnmond",680,681,-1
2021-03-22,"Dienst Gezondheid & Jeugd ZHZ",257,260,-3
2021-03-22,"GGD Haaglanden",512,511,1
2021-03-22,"GGD Hollands-Midden",388,387,1
2021-03-23,"Dienst Gezondheid & Jeugd ZHZ",278,283,-5
2021-03-23,"GGD Brabant-Zuidoost",413,412,1
2021-03-23,"GGD Limburg-Noord",303,301,2
2021-03-23,"GGD Regio Utrecht",565,564,1
2021-03-23,"GGD Rotterdam-Rijnmond",788,787,1
2021-03-23,"GGD Zeeland",169,170,-1
2021-03-24,"GGD Amsterdam",398,397,1
2021-03-24,"GGD Gelderland-Zuid",259,258,1
2021-03-24,"GGD Regio Utrecht",543,542,1
2021-03-25,"GGD Brabant-Zuidoost",388,385,3
2021-03-25,"GGD Frysl창n",217,216,1
2021-03-25,"GGD Gelderland-Zuid",289,291,-2
2021-03-25,"GGD Haaglanden",460,459,1
2021-03-25,"GGD Hollands-Midden",346,345,1
2021-03-25,"GGD Regio Twente",170,169,1
2021-03-25,"GGD Regio Utrecht",514,513,1
2021-03-26,"GGD Amsterdam",399,397,2
2021-03-26,"GGD Brabant-Zuidoost",384,385,-1
2021-03-26,"GGD Gelderland-Zuid",220,218,2
2021-03-26,"GGD Limburg-Noord",325,322,3
2021-03-27,"GGD Brabant-Zuidoost",342,341,1
2021-03-27,"GGD Hollands-Noorden",305,304,1
2021-03-27,"GGD Limburg-Noord",300,298,2
2021-03-27,"GGD Noord- en Oost-Gelderland",295,294,1
2021-03-27,"GGD Regio Utrecht",454,455,-1
2021-03-27,"GGD Rotterdam-Rijnmond",633,632,1
2021-03-28,"GGD Drenthe",156,155,1
2021-03-28,"GGD Gelderland-Zuid",203,201,2
2021-03-28,"GGD Haaglanden",496,495,1
2021-03-28,"GGD Regio Utrecht",386,387,-1
2021-03-28,"GGD Rotterdam-Rijnmond",606,605,1
2021-03-28,"GGD Zaanstreek/Waterland",146,145,1
2021-03-29,"Dienst Gezondheid & Jeugd ZHZ",217,216,1
2021-03-29,"GGD Brabant-Zuidoost",358,359,-1
2021-03-29,"GGD Gelderland-Zuid",245,246,-1
2021-03-29,"GGD Haaglanden",514,512,2
2021-03-29,"GGD Hollands-Midden",386,385,1
2021-03-29,"GGD Rotterdam-Rijnmond",740,739,1
2021-03-29,"GGD Zaanstreek/Waterland",170,169,1
2021-03-30,"Dienst Gezondheid & Jeugd ZHZ",296,295,1
2021-03-30,"GGD Amsterdam",382,380,2
2021-03-30,"GGD Gelderland-Zuid",258,259,-1
2021-03-30,"GGD Haaglanden",494,492,2
2021-03-30,"GGD Hollands-Midden",368,367,1
2021-03-30,"GGD Limburg-Noord",323,324,-1
2021-03-30,"GGD Rotterdam-Rijnmond",708,704,4
2021-03-30,"GGD West-Brabant",274,273,1
2021-03-30,"GGD Zuid-Limburg",229,228,1
2021-03-31,"GGD Amsterdam",382,381,1
2021-03-31,"GGD Brabant-Zuidoost",331,333,-2
2021-03-31,"GGD Flevoland",153,152,1
2021-03-31,"GGD Gelderland-Zuid",263,264,-1
2021-03-31,"GGD Groningen",150,149,1
2021-03-31,"GGD Haaglanden",469,467,2
2021-03-31,"GGD Hollands-Midden",374,375,-1
2021-03-31,"GGD Hollands-Noorden",272,271,1
2021-03-31,"GGD IJsselland",195,194,1
2021-03-31,"GGD Limburg-Noord",338,336,2
2021-03-31,"GGD Regio Utrecht",484,482,2
2021-03-31,"GGD Rotterdam-Rijnmond",682,681,1
2021-03-31,"GGD Zaanstreek/Waterland",165,164,1
2021-03-31,"GGD Zuid-Limburg",253,252,1
2021-04-01,"Dienst Gezondheid & Jeugd ZHZ",269,266,3
2021-04-01,"GGD Amsterdam",335,334,1
2021-04-01,"GGD Brabant-Zuidoost",328,325,3
2021-04-01,"GGD Gelderland-Zuid",208,207,1
2021-04-01,"GGD Gooi en Vechtstreek",57,55,2
2021-04-01,"GGD Haaglanden",507,503,4
2021-04-01,"GGD Hart voor Brabant",493,492,1
2021-04-01,"GGD Hollands-Midden",386,385,1
2021-04-01,"GGD Kennemerland",228,227,1
2021-04-01,"GGD Noord- en Oost-Gelderland",335,334,1
2021-04-01,"GGD Regio Utrecht",426,429,-3
2021-04-01,"GGD Rotterdam-Rijnmond",625,624,1
2021-04-01,"GGD Zaanstreek/Waterland",136,133,3
2021-04-01,"GGD Zeeland",163,162,1
2021-04-02,"Dienst Gezondheid & Jeugd ZHZ",266,265,1
2021-04-02,"GGD Amsterdam",312,311,1
2021-04-02,"GGD Brabant-Zuidoost",344,343,1
2021-04-02,"GGD Drenthe",128,127,1
2021-04-02,"GGD Gelderland-Zuid",200,198,2
2021-04-02,"GGD Haaglanden",441,437,4
2021-04-02,"GGD Hart voor Brabant",516,514,2
2021-04-02,"GGD Hollands-Midden",341,338,3
2021-04-02,"GGD IJsselland",165,164,1
2021-04-02,"GGD Limburg-Noord",288,287,1
2021-04-02,"GGD Noord- en Oost-Gelderland",324,323,1
2021-04-02,"GGD Regio Twente",147,145,2
2021-04-02,"GGD Regio Utrecht",455,447,8
2021-04-02,"GGD Rotterdam-Rijnmond",621,616,5
2021-04-02,"GGD West-Brabant",281,280,1
2021-04-02,"GGD Zaanstreek/Waterland",140,138,2
2021-04-02,"GGD Zuid-Limburg",251,250,1
2021-04-02,"Veiligheids- en Gezondheidsregio Gelderland-Midden",217,215,2
2021-04-03,"GGD Amsterdam",310,306,4
2021-04-03,"GGD Brabant-Zuidoost",287,286,1
2021-04-03,"GGD Drenthe",126,125,1
2021-04-03,"GGD Gelderland-Zuid",217,215,2
2021-04-03,"GGD Haaglanden",424,421,3
2021-04-03,"GGD Hart voor Brabant",501,496,5
2021-04-03,"GGD Hollands-Midden",309,307,2
2021-04-03,"GGD IJsselland",155,154,1
2021-04-03,"GGD Limburg-Noord",271,270,1
2021-04-03,"GGD Noord- en Oost-Gelderland",303,302,1
2021-04-03,"GGD Regio Twente",156,155,1
2021-04-03,"GGD Regio Utrecht",430,431,-1
2021-04-03,"GGD Rotterdam-Rijnmond",676,671,5
2021-04-03,"GGD West-Brabant",272,271,1
2021-04-03,"GGD Zaanstreek/Waterland",133,132,1
2021-04-03,"GGD Zuid-Limburg",185,184,1
2021-04-03,"Veiligheids- en Gezondheidsregio Gelderland-Midden",217,218,-1
2021-04-04,"Dienst Gezondheid & Jeugd ZHZ",205,203,2
2021-04-04,"GGD Amsterdam",302,295,7
2021-04-04,"GGD Brabant-Zuidoost",295,291,4
2021-04-04,"GGD Frysl창n",175,174,1
2021-04-04,"GGD Gelderland-Zuid",174,175,-1
2021-04-04,"GGD Groningen",113,112,1
2021-04-04,"GGD Haaglanden",397,390,7
2021-04-04,"GGD Hart voor Brabant",468,461,7
2021-04-04,"GGD Hollands-Midden",345,339,6
2021-04-04,"GGD IJsselland",130,131,-1
2021-04-04,"GGD Kennemerland",181,178,3
2021-04-04,"GGD Limburg-Noord",244,243,1
2021-04-04,"GGD Noord- en Oost-Gelderland",283,281,2
2021-04-04,"GGD Regio Twente",156,153,3
2021-04-04,"GGD Regio Utrecht",423,415,8
2021-04-04,"GGD Rotterdam-Rijnmond",600,596,4
2021-04-04,"GGD West-Brabant",217,218,-1
2021-04-04,"GGD Zaanstreek/Waterland",125,121,4
2021-04-04,"GGD Zeeland",144,141,3
2021-04-04,"GGD Zuid-Limburg",223,221,2
2021-04-05,"Dienst Gezondheid & Jeugd ZHZ",252,248,4
2021-04-05,"GGD Amsterdam",342,334,8
2021-04-05,"GGD Brabant-Zuidoost",290,283,7
2021-04-05,"GGD Flevoland",113,110,3
2021-04-05,"GGD Frysl창n",177,176,1
2021-04-05,"GGD Groningen",109,108,1
2021-04-05,"GGD Haaglanden",445,432,13
2021-04-05,"GGD Hart voor Brabant",523,511,12
2021-04-05,"GGD Hollands-Midden",346,336,10
2021-04-05,"GGD Hollands-Noorden",227,221,6
2021-04-05,"GGD IJsselland",150,149,1
2021-04-05,"GGD Kennemerland",175,172,3
2021-04-05,"GGD Limburg-Noord",266,262,4
2021-04-05,"GGD Noord- en Oost-Gelderland",270,264,6
2021-04-05,"GGD Regio Twente",194,184,10
2021-04-05,"GGD Regio Utrecht",454,450,4
2021-04-05,"GGD Rotterdam-Rijnmond",593,576,17
2021-04-05,"GGD West-Brabant",283,276,7
2021-04-05,"GGD Zaanstreek/Waterland",116,110,6
2021-04-05,"GGD Zeeland",129,126,3
2021-04-05,"GGD Zuid-Limburg",248,246,2
2021-04-05,"Veiligheids- en Gezondheidsregio Gelderland-Midden",215,213,2
2021-04-06,"Dienst Gezondheid & Jeugd ZHZ",273,270,3
2021-04-06,"GGD Amsterdam",346,331,15
2021-04-06,"GGD Brabant-Zuidoost",364,347,17
2021-04-06,"GGD Drenthe",169,166,3
2021-04-06,"GGD Flevoland",149,143,6
2021-04-06,"GGD Frysl창n",228,222,6
2021-04-06,"GGD Gelderland-Zuid",274,273,1
2021-04-06,"GGD Groningen",128,126,2
2021-04-06,"GGD Haaglanden",508,500,8
2021-04-06,"GGD Hart voor Brabant",602,588,14
2021-04-06,"GGD Hollands-Midden",395,386,9
2021-04-06,"GGD Hollands-Noorden",254,252,2
2021-04-06,"GGD IJsselland",134,132,2
2021-04-06,"GGD Kennemerland",210,207,3
2021-04-06,"GGD Limburg-Noord",343,336,7
2021-04-06,"GGD Noord- en Oost-Gelderland",309,300,9
2021-04-06,"GGD Regio Twente",192,185,7
2021-04-06,"GGD Regio Utrecht",512,515,-3
2021-04-06,"GGD Rotterdam-Rijnmond",696,672,24
2021-04-06,"GGD West-Brabant",335,329,6
2021-04-06,"GGD Zaanstreek/Waterland",142,136,6
2021-04-06,"GGD Zeeland",162,161,1
2021-04-06,"GGD Zuid-Limburg",253,246,7
2021-04-06,"Veiligheids- en Gezondheidsregio Gelderland-Midden",260,254,6
2021-04-07,"Dienst Gezondheid & Jeugd ZHZ",303,299,4
2021-04-07,"GGD Amsterdam",356,341,15
2021-04-07,"GGD Brabant-Zuidoost",400,379,21
2021-04-07,"GGD Drenthe",140,139,1
2021-04-07,"GGD Flevoland",136,128,8
2021-04-07,"GGD Frysl창n",198,194,4
2021-04-07,"GGD Gelderland-Zuid",246,240,6
2021-04-07,"GGD Gooi en Vechtstreek",80,79,1
2021-04-07,"GGD Groningen",146,140,6
2021-04-07,"GGD Haaglanden",484,467,17
2021-04-07,"GGD Hart voor Brabant",564,543,21
2021-04-07,"GGD Hollands-Midden",368,362,6
2021-04-07,"GGD Hollands-Noorden",251,240,11
2021-04-07,"GGD IJsselland",172,166,6
2021-04-07,"GGD Kennemerland",190,186,4
2021-04-07,"GGD Limburg-Noord",333,327,6
2021-04-07,"GGD Noord- en Oost-Gelderland",349,333,16
2021-04-07,"GGD Regio Twente",210,208,2
2021-04-07,"GGD Regio Utrecht",540,524,16
2021-04-07,"GGD Rotterdam-Rijnmond",703,671,32
2021-04-07,"GGD West-Brabant",308,296,12
2021-04-07,"GGD Zaanstreek/Waterland",125,131,-6
2021-04-07,"GGD Zeeland",159,147,12
2021-04-07,"GGD Zuid-Limburg",283,271,12
2021-04-07,"Veiligheids- en Gezondheidsregio Gelderland-Midden",271,258,13
2021-04-08,"Dienst Gezondheid & Jeugd ZHZ",214,196,18
2021-04-08,"GGD Amsterdam",330,306,24
2021-04-08,"GGD Brabant-Zuidoost",360,329,31
2021-04-08,"GGD Drenthe",133,119,14
2021-04-08,"GGD Flevoland",118,105,13
2021-04-08,"GGD Frysl창n",173,170,3
2021-04-08,"GGD Gelderland-Zuid",240,232,8
2021-04-08,"GGD Gooi en Vechtstreek",55,52,3
2021-04-08,"GGD Groningen",126,122,4
2021-04-08,"GGD Haaglanden",441,411,30
2021-04-08,"GGD Hart voor Brabant",501,452,49
2021-04-08,"GGD Hollands-Midden",328,309,19
2021-04-08,"GGD Hollands-Noorden",253,240,13
2021-04-08,"GGD IJsselland",137,128,9
2021-04-08,"GGD Kennemerland",173,163,10
2021-04-08,"GGD Limburg-Noord",319,309,10
2021-04-08,"GGD Noord- en Oost-Gelderland",319,297,22
2021-04-08,"GGD Regio Twente",194,181,13
2021-04-08,"GGD Regio Utrecht",402,396,6
2021-04-08,"GGD Rotterdam-Rijnmond",618,552,66
2021-04-08,"GGD West-Brabant",300,281,19
2021-04-08,"GGD Zaanstreek/Waterland",127,126,1
2021-04-08,"GGD Zeeland",135,124,11
2021-04-08,"GGD Zuid-Limburg",273,255,18
2021-04-08,"Veiligheids- en Gezondheidsregio Gelderland-Midden",220,208,12
2021-04-09,"Dienst Gezondheid & Jeugd ZHZ",211,182,29
2021-04-09,"GGD Amsterdam",268,220,48
2021-04-09,"GGD Brabant-Zuidoost",274,262,12
2021-04-09,"GGD Drenthe",112,101,11
2021-04-09,"GGD Flevoland",126,105,21
2021-04-09,"GGD Frysl창n",176,155,21
2021-04-09,"GGD Gelderland-Zuid",235,213,22
2021-04-09,"GGD Gooi en Vechtstreek",66,59,7
2021-04-09,"GGD Groningen",115,100,15
2021-04-09,"GGD Haaglanden",403,360,43
2021-04-09,"GGD Hart voor Brabant",451,372,79
2021-04-09,"GGD Hollands-Midden",318,290,28
2021-04-09,"GGD Hollands-Noorden",213,195,18
2021-04-09,"GGD IJsselland",152,127,25
2021-04-09,"GGD Kennemerland",157,141,16
2021-04-09,"GGD Limburg-Noord",317,274,43
2021-04-09,"GGD Noord- en Oost-Gelderland",241,198,43
2021-04-09,"GGD Regio Twente",168,149,19
2021-04-09,"GGD Regio Utrecht",389,342,47
2021-04-09,"GGD Rotterdam-Rijnmond",501,414,87
2021-04-09,"GGD West-Brabant",290,254,36
2021-04-09,"GGD Zaanstreek/Waterland",144,140,4
2021-04-09,"GGD Zeeland",125,109,16
2021-04-09,"GGD Zuid-Limburg",248,215,33
2021-04-09,"Veiligheids- en Gezondheidsregio Gelderland-Midden",212,191,21
2021-04-10,"Dienst Gezondheid & Jeugd ZHZ",217,195,22
2021-04-10,"GGD Amsterdam",202,145,57
2021-04-10,"GGD Brabant-Zuidoost",209,175,34
2021-04-10,"GGD Drenthe",139,112,27
2021-04-10,"GGD Flevoland",91,61,30
2021-04-10,"GGD Frysl창n",147,122,25
2021-04-10,"GGD Gelderland-Zuid",183,136,47
2021-04-10,"GGD Gooi en Vechtstreek",78,61,17
2021-04-10,"GGD Groningen",91,66,25
2021-04-10,"GGD Haaglanden",340,257,83
2021-04-10,"GGD Hart voor Brabant",414,259,155
2021-04-10,"GGD Hollands-Midden",298,235,63
2021-04-10,"GGD Hollands-Noorden",205,165,40
2021-04-10,"GGD IJsselland",135,107,28
2021-04-10,"GGD Kennemerland",163,127,36
2021-04-10,"GGD Limburg-Noord",231,202,29
2021-04-10,"GGD Noord- en Oost-Gelderland",232,176,56
2021-04-10,"GGD Regio Twente",150,125,25
2021-04-10,"GGD Regio Utrecht",323,281,42
2021-04-10,"GGD Rotterdam-Rijnmond",400,299,101
2021-04-10,"GGD West-Brabant",208,166,42
2021-04-10,"GGD Zaanstreek/Waterland",114,101,13
2021-04-10,"GGD Zeeland",117,76,41
2021-04-10,"GGD Zuid-Limburg",196,129,67
2021-04-10,"Veiligheids- en Gezondheidsregio Gelderland-Midden",203,152,51
2021-04-11,"Dienst Gezondheid & Jeugd ZHZ",156,209,-53
2021-04-11,"GGD Amsterdam",146,122,24
2021-04-11,"GGD Brabant-Zuidoost",223,212,11
2021-04-11,"GGD Drenthe",72,48,24
2021-04-11,"GGD Flevoland",55,33,22
2021-04-11,"GGD Frysl창n",100,72,28
2021-04-11,"GGD Gelderland-Zuid",140,81,59
2021-04-11,"GGD Gooi en Vechtstreek",49,35,14
2021-04-11,"GGD Groningen",63,45,18
2021-04-11,"GGD Haaglanden",285,228,57
2021-04-11,"GGD Hart voor Brabant",314,271,43
2021-04-11,"GGD Hollands-Midden",215,134,81
2021-04-11,"GGD Hollands-Noorden",100,66,34
2021-04-11,"GGD IJsselland",73,56,17
2021-04-11,"GGD Kennemerland",102,55,47
2021-04-11,"GGD Limburg-Noord",151,91,60
2021-04-11,"GGD Noord- en Oost-Gelderland",178,125,53
2021-04-11,"GGD Regio Twente",113,75,38
2021-04-11,"GGD Regio Utrecht",243,222,21
2021-04-11,"GGD Rotterdam-Rijnmond",312,360,-48
2021-04-11,"GGD West-Brabant",176,112,64
2021-04-11,"GGD Zaanstreek/Waterland",112,106,6
2021-04-11,"GGD Zeeland",85,63,22
2021-04-11,"GGD Zuid-Limburg",136,83,53
2021-04-11,"Veiligheids- en Gezondheidsregio Gelderland-Midden",117,83,34
2021-04-12,"Dienst Gezondheid & Jeugd ZHZ",216,186,30
2021-04-12,"GGD Amsterdam",120,185,-65
2021-04-12,"GGD Brabant-Zuidoost",214,130,84
2021-04-12,"GGD Drenthe",66,36,30
2021-04-12,"GGD Flevoland",73,35,38
2021-04-12,"GGD Frysl창n",74,40,34
2021-04-12,"GGD Gelderland-Zuid",91,102,-11
2021-04-12,"GGD Gooi en Vechtstreek",23,13,10
2021-04-12,"GGD Groningen",48,85,-37
2021-04-12,"GGD Haaglanden",203,175,28
2021-04-12,"GGD Hart voor Brabant",265,423,-158
2021-04-12,"GGD Hollands-Midden",164,186,-22
2021-04-12,"GGD Hollands-Noorden",78,58,20
2021-04-12,"GGD IJsselland",82,93,-11
2021-04-12,"GGD Kennemerland",76,126,-50
2021-04-12,"GGD Limburg-Noord",98,23,75
2021-04-12,"GGD Noord- en Oost-Gelderland",136,247,-111
2021-04-12,"GGD Regio Twente",67,119,-52
2021-04-12,"GGD Regio Utrecht",200,169,31
2021-04-12,"GGD Rotterdam-Rijnmond",338,410,-72
2021-04-12,"GGD West-Brabant",110,44,66
2021-04-12,"GGD Zaanstreek/Waterland",73,45,28
2021-04-12,"GGD Zeeland",56,39,17
2021-04-12,"GGD Zuid-Limburg",84,76,8
2021-04-12,"Veiligheids- en Gezondheidsregio Gelderland-Midden",109,155,-46
2021-04-13,"Dienst Gezondheid & Jeugd ZHZ",212,7,205
2021-04-13,"GGD Amsterdam",65,30,35
2021-04-13,"GGD Brabant-Zuidoost",45,18,27
2021-04-13,"GGD Flevoland",16,1,15
2021-04-13,"GGD Frysl창n",24,1,23
2021-04-13,"GGD Gelderland-Zuid",66,88,-22
2021-04-13,"GGD Gooi en Vechtstreek",14,2,12
2021-04-13,"GGD Groningen",13,12,1
2021-04-13,"GGD Haaglanden",137,41,96
2021-04-13,"GGD Hart voor Brabant",199,3,196
2021-04-13,"GGD Hollands-Midden",127,114,13
2021-04-13,"GGD Hollands-Noorden",13,4,9
2021-04-13,"GGD IJsselland",133,6,127
2021-04-13,"GGD Kennemerland",81,58,23
2021-04-13,"GGD Noord- en Oost-Gelderland",62,55,7
2021-04-13,"GGD Regio Twente",50,4,46
2021-04-13,"GGD Regio Utrecht",223,89,134
2021-04-13,"GGD Rotterdam-Rijnmond",176,2,174
2021-04-13,"GGD Zaanstreek/Waterland",49,45,4
2021-04-13,"GGD Zeeland",10,3,7
2021-04-13,"Veiligheids- en Gezondheidsregio Gelderland-Midden",68,54,14
