"Date_statistics","Municipal_health_service","cases.today","cases.yesterday","diff"
2021-11-17,"GGD Rotterdam-Rijnmond",1787,1786,1
2021-11-18,"GGD Brabant-Zuidoost",906,905,1
2021-11-19,"GGD Brabant-Zuidoost",1046,1044,2
2021-11-23,"GGD Brabant-Zuidoost",1030,1029,1
2021-11-23,"GGD Rotterdam-Rijnmond",1486,1485,1
2021-12-02,"GGD Brabant-Zuidoost",880,878,2
2021-12-02,"GGD Rotterdam-Rijnmond",1433,1432,1
2021-12-04,"GGD Rotterdam-Rijnmond",1260,1259,1
2021-12-05,"GGD Brabant-Zuidoost",1011,1009,2
2021-12-06,"GGD Brabant-Zuidoost",820,816,4
2021-12-07,"GGD Brabant-Zuidoost",998,995,3
2021-12-08,"GGD Brabant-Zuidoost",937,941,-4
2021-12-09,"GGD Brabant-Zuidoost",726,725,1
2021-12-10,"GGD Brabant-Zuidoost",544,545,-1
2021-12-11,"GGD Brabant-Zuidoost",669,666,3
2021-12-12,"GGD Brabant-Zuidoost",618,619,-1
2021-12-16,"GGD Brabant-Zuidoost",545,546,-1
2021-12-17,"GGD Rotterdam-Rijnmond",862,861,1
2021-12-19,"GGD Brabant-Zuidoost",490,489,1
2021-12-20,"GGD Brabant-Zuidoost",559,558,1
2021-12-21,"GGD Brabant-Zuidoost",566,568,-2
2021-12-21,"GGD Rotterdam-Rijnmond",1167,1166,1
2021-12-22,"GGD Brabant-Zuidoost",486,487,-1
2021-12-23,"GGD Brabant-Zuidoost",512,511,1
2021-12-24,"GGD Brabant-Zuidoost",485,483,2
2021-12-25,"GGD Brabant-Zuidoost",501,503,-2
2021-12-30,"GGD Brabant-Zuidoost",632,631,1
2021-12-31,"GGD Brabant-Zuidoost",784,785,-1
2022-01-05,"GGD Amsterdam",3416,3411,5
2022-01-06,"GGD Amsterdam",2732,2730,2
2022-01-06,"GGD Rotterdam-Rijnmond",2931,2930,1
2022-01-06,"GGD West-Brabant",1156,1155,1
2022-01-07,"GGD Amsterdam",3376,3370,6
2022-01-08,"GGD Amsterdam",3430,3436,-6
2022-01-09,"GGD Amsterdam",4197,4206,-9
2022-01-10,"GGD Brabant-Zuidoost",1432,1431,1
2022-01-10,"GGD Rotterdam-Rijnmond",2914,2913,1
2022-01-10,"GGD Twente",1220,1219,1
2022-01-11,"GGD Amsterdam",3414,3413,1
2022-01-11,"GGD Brabant-Zuidoost",1163,1164,-1
2022-01-12,"GGD Rotterdam-Rijnmond",3538,3537,1
2022-01-13,"GGD Rotterdam-Rijnmond",3649,3650,-1
2022-01-15,"GGD Brabant-Zuidoost",1613,1611,2
2022-01-16,"GGD Amsterdam",4016,4018,-2
2022-01-16,"GGD Brabant-Zuidoost",1571,1573,-2
2022-01-18,"GGD Brabant-Zuidoost",2154,2150,4
2022-01-19,"GGD Brabant-Zuidoost",2963,2956,7
2022-01-19,"GGD Rotterdam-Rijnmond",5566,5567,-1
2022-01-20,"GGD Brabant-Zuidoost",2880,2890,-10
2022-01-20,"GGD Fryslân",1313,1312,1
2022-01-20,"GGD Rotterdam-Rijnmond",5386,5383,3
2022-01-21,"GGD Brabant-Zuidoost",2964,2962,2
2022-01-21,"GGD Regio Utrecht",6370,6369,1
2022-01-21,"GGD Rotterdam-Rijnmond",6298,6295,3
2022-01-22,"GGD Amsterdam",4569,4568,1
2022-01-22,"GGD Rotterdam-Rijnmond",6121,6122,-1
2022-01-22,"Veiligheids- en Gezondheidsregio Gelderland-Midden",2608,2607,1
2022-01-23,"GGD Twente",2608,2607,1
2022-01-24,"GGD Rotterdam-Rijnmond",6637,6634,3
2022-01-25,"GGD Regio Utrecht",6827,6826,1
2022-01-26,"GGD Fryslân",2271,2270,1
2022-01-26,"GGD Regio Utrecht",7294,7296,-2
2022-01-26,"GGD Twente",2944,2943,1
2022-01-27,"GGD Rotterdam-Rijnmond",8524,8523,1
2022-01-27,"GGD Twente",2995,2996,-1
2022-01-28,"GGD Fryslân",2429,2430,-1
2022-01-28,"GGD Rotterdam-Rijnmond",7376,7374,2
2022-01-28,"Veiligheids- en Gezondheidsregio Gelderland-Midden",3500,3499,1
2022-01-29,"GGD Haaglanden",6144,6143,1
2022-01-29,"GGD Rotterdam-Rijnmond",6778,6775,3
2022-01-30,"GGD Haaglanden",5629,5630,-1
2022-01-30,"GGD Hollands-Midden",4705,4704,1
2022-01-30,"GGD Regio Utrecht",6720,6719,1
2022-01-30,"GGD Rotterdam-Rijnmond",4697,4696,1
2022-01-31,"GGD Haaglanden",5873,5872,1
2022-01-31,"GGD IJsselland",2912,2911,1
2022-01-31,"GGD Noord- en Oost-Gelderland",3903,3902,1
2022-02-01,"GGD Amsterdam",5324,5325,-1
2022-02-01,"GGD Groningen",2616,2615,1
2022-02-01,"GGD Hollands-Noorden",3622,3621,1
2022-02-01,"GGD Kennemerland",2922,2921,1
2022-02-01,"GGD Rotterdam-Rijnmond",5664,5662,2
2022-02-02,"GGD Hart voor Brabant",5443,5442,1
2022-02-02,"GGD Rotterdam-Rijnmond",7742,7740,2
2022-02-03,"Dienst Gezondheid & Jeugd ZHZ",3359,3358,1
2022-02-03,"GGD IJsselland",3442,3443,-1
2022-02-03,"GGD Noord- en Oost-Gelderland",4917,4915,2
2022-02-03,"GGD Rotterdam-Rijnmond",7033,7018,15
2022-02-04,"GGD Amsterdam",4910,4909,1
2022-02-04,"GGD IJsselland",3413,3412,1
2022-02-04,"GGD Kennemerland",2766,2765,1
2022-02-04,"GGD Noord- en Oost-Gelderland",5059,5058,1
2022-02-04,"GGD Regio Utrecht",7657,7656,1
2022-02-04,"GGD Rotterdam-Rijnmond",6216,6204,12
2022-02-04,"GGD Zeeland",2192,2191,1
2022-02-05,"GGD Amsterdam",4154,4153,1
2022-02-05,"GGD Gelderland-Zuid",3439,3437,2
2022-02-05,"GGD Hollands-Midden",3887,3884,3
2022-02-05,"GGD IJsselland",3609,3608,1
2022-02-05,"GGD Rotterdam-Rijnmond",4866,4858,8
2022-02-06,"GGD Brabant-Zuidoost",3305,3304,1
2022-02-06,"GGD Gelderland-Zuid",2696,2695,1
2022-02-06,"GGD Rotterdam-Rijnmond",3719,3713,6
2022-02-07,"GGD Amsterdam",4050,4049,1
2022-02-07,"GGD Fryslân",4059,4057,2
2022-02-07,"GGD Gelderland-Zuid",2657,2656,1
2022-02-07,"GGD Groningen",2732,2731,1
2022-02-07,"GGD Kennemerland",2719,2718,1
2022-02-07,"GGD Rotterdam-Rijnmond",4623,4613,10
2022-02-08,"GGD Fryslân",3871,3873,-2
2022-02-08,"GGD Gelderland-Zuid",3469,3468,1
2022-02-08,"GGD Hollands-Noorden",3199,3198,1
2022-02-08,"GGD Kennemerland",2357,2356,1
2022-02-08,"GGD Rotterdam-Rijnmond",5729,5726,3
2022-02-08,"GGD Twente",2935,2933,2
2022-02-09,"GGD Fryslân",3486,3485,1
2022-02-09,"GGD IJsselland",3210,3211,-1
2022-02-09,"GGD Kennemerland",2349,2350,-1
2022-02-09,"GGD Noord- en Oost-Gelderland",4207,4206,1
2022-02-09,"GGD Rotterdam-Rijnmond",4872,4867,5
2022-02-09,"GGD Twente",3886,3887,-1
2022-02-09,"GGD Zuid-Limburg",2232,2231,1
2022-02-09,"Veiligheids- en Gezondheidsregio Gelderland-Midden",3806,3804,2
2022-02-10,"GGD Amsterdam",3880,3878,2
2022-02-10,"GGD Brabant-Zuidoost",3614,3613,1
2022-02-10,"GGD Gelderland-Zuid",2986,2984,2
2022-02-10,"GGD Haaglanden",4305,4303,2
2022-02-10,"GGD Hart voor Brabant",4580,4579,1
2022-02-10,"GGD Hollands-Noorden",3097,3098,-1
2022-02-10,"GGD IJsselland",3257,3259,-2
2022-02-10,"GGD Kennemerland",2325,2324,1
2022-02-10,"GGD Rotterdam-Rijnmond",4165,4160,5
2022-02-10,"GGD Twente",3613,3612,1
2022-02-11,"GGD Amsterdam",3177,3176,1
2022-02-11,"GGD Gelderland-Zuid",2704,2702,2
2022-02-11,"GGD Gooi en Vechtstreek",695,694,1
2022-02-11,"GGD Haaglanden",3958,3959,-1
2022-02-11,"GGD IJsselland",2951,2952,-1
2022-02-11,"GGD Rotterdam-Rijnmond",3791,3792,-1
2022-02-11,"GGD Twente",3412,3411,1
2022-02-11,"GGD Zaanstreek/Waterland",1128,1127,1
2022-02-12,"GGD Amsterdam",2500,2499,1
2022-02-12,"GGD Flevoland",1272,1270,2
2022-02-12,"GGD Gelderland-Zuid",2301,2302,-1
2022-02-12,"GGD Gooi en Vechtstreek",632,631,1
2022-02-12,"GGD Haaglanden",3280,3281,-1
2022-02-12,"GGD Hollands-Noorden",2076,2074,2
2022-02-12,"GGD IJsselland",2555,2557,-2
2022-02-12,"GGD Regio Utrecht",5131,5132,-1
2022-02-12,"GGD Rotterdam-Rijnmond",3449,3450,-1
2022-02-12,"GGD Twente",2512,2513,-1
2022-02-12,"GGD Zeeland",1074,1073,1
2022-02-13,"GGD Amsterdam",2751,2750,1
2022-02-13,"GGD Brabant-Zuidoost",2232,2229,3
2022-02-13,"GGD Fryslân",2962,2961,1
2022-02-13,"GGD Gelderland-Zuid",2123,2125,-2
2022-02-13,"GGD Hart voor Brabant",3318,3317,1
2022-02-13,"GGD Hollands-Noorden",1851,1850,1
2022-02-13,"GGD IJsselland",2116,2115,1
2022-02-13,"GGD Kennemerland",1925,1922,3
2022-02-13,"GGD Regio Utrecht",4401,4400,1
2022-02-13,"GGD Rotterdam-Rijnmond",3042,3044,-2
2022-02-13,"GGD Twente",2684,2681,3
2022-02-13,"GGD Zeeland",1083,1082,1
2022-02-13,"GGD Zuid-Limburg",1667,1666,1
2022-02-13,"Veiligheids- en Gezondheidsregio Gelderland-Midden",2689,2688,1
2022-02-14,"GGD Amsterdam",3065,3059,6
2022-02-14,"GGD Brabant-Zuidoost",2478,2474,4
2022-02-14,"GGD Fryslân",2859,2856,3
2022-02-14,"GGD Gelderland-Zuid",1520,1516,4
2022-02-14,"GGD Groningen",2249,2248,1
2022-02-14,"GGD Hart voor Brabant",3386,3385,1
2022-02-14,"GGD Hollands-Midden",2291,2289,2
2022-02-14,"GGD Hollands-Noorden",1539,1537,2
2022-02-14,"GGD IJsselland",2406,2407,-1
2022-02-14,"GGD Kennemerland",1508,1507,1
2022-02-14,"GGD Limburg-Noord",1511,1509,2
2022-02-14,"GGD Noord- en Oost-Gelderland",3100,3097,3
2022-02-14,"GGD Rotterdam-Rijnmond",3176,3175,1
2022-02-14,"GGD Twente",2699,2696,3
2022-02-14,"GGD West-Brabant",1432,1431,1
2022-02-14,"GGD Zeeland",1228,1227,1
2022-02-15,"GGD Amsterdam",3070,3060,10
2022-02-15,"GGD Brabant-Zuidoost",2133,2129,4
2022-02-15,"GGD Drenthe",2266,2265,1
2022-02-15,"GGD Fryslân",3471,3467,4
2022-02-15,"GGD Gelderland-Zuid",2584,2583,1
2022-02-15,"GGD Gooi en Vechtstreek",581,582,-1
2022-02-15,"GGD Groningen",2396,2395,1
2022-02-15,"GGD Hart voor Brabant",3748,3745,3
2022-02-15,"GGD Hollands-Midden",2221,2218,3
2022-02-15,"GGD Hollands-Noorden",2484,2480,4
2022-02-15,"GGD IJsselland",2438,2441,-3
2022-02-15,"GGD Kennemerland",1814,1813,1
2022-02-15,"GGD Noord- en Oost-Gelderland",3571,3568,3
2022-02-15,"GGD Regio Utrecht",6145,6143,2
2022-02-15,"GGD Rotterdam-Rijnmond",3412,3404,8
2022-02-15,"GGD Twente",2741,2735,6
2022-02-15,"GGD West-Brabant",2015,2014,1
2022-02-15,"GGD Zaanstreek/Waterland",846,844,2
2022-02-15,"GGD Zeeland",1108,1107,1
2022-02-15,"GGD Zuid-Limburg",1947,1943,4
2022-02-16,"GGD Amsterdam",2412,2401,11
2022-02-16,"GGD Brabant-Zuidoost",2674,2677,-3
2022-02-16,"GGD Flevoland",920,916,4
2022-02-16,"GGD Fryslân",3053,3043,10
2022-02-16,"GGD Gelderland-Zuid",2033,2032,1
2022-02-16,"GGD Gooi en Vechtstreek",797,795,2
2022-02-16,"GGD Groningen",2218,2215,3
2022-02-16,"GGD Haaglanden",2604,2603,1
2022-02-16,"GGD Hart voor Brabant",3329,3320,9
2022-02-16,"GGD Hollands-Noorden",1957,1952,5
2022-02-16,"GGD IJsselland",1905,1896,9
2022-02-16,"GGD Kennemerland",1385,1381,4
2022-02-16,"GGD Limburg-Noord",1407,1406,1
2022-02-16,"GGD Noord- en Oost-Gelderland",3002,2992,10
2022-02-16,"GGD Regio Utrecht",5222,5218,4
2022-02-16,"GGD Rotterdam-Rijnmond",3158,3151,7
2022-02-16,"GGD Twente",1809,1807,2
2022-02-16,"GGD Zaanstreek/Waterland",1041,1036,5
2022-02-16,"GGD Zeeland",1037,1035,2
2022-02-16,"Veiligheids- en Gezondheidsregio Gelderland-Midden",2688,2684,4
2022-02-17,"Dienst Gezondheid & Jeugd ZHZ",873,872,1
2022-02-17,"GGD Amsterdam",2020,1995,25
2022-02-17,"GGD Brabant-Zuidoost",2271,2272,-1
2022-02-17,"GGD Flevoland",870,867,3
2022-02-17,"GGD Fryslân",2283,2276,7
2022-02-17,"GGD Groningen",2547,2542,5
2022-02-17,"GGD Haaglanden",2826,2825,1
2022-02-17,"GGD Hart voor Brabant",3110,3102,8
2022-02-17,"GGD Hollands-Midden",2311,2309,2
2022-02-17,"GGD Hollands-Noorden",1865,1860,5
2022-02-17,"GGD Kennemerland",1172,1167,5
2022-02-17,"GGD Limburg-Noord",1596,1594,2
2022-02-17,"GGD Noord- en Oost-Gelderland",2759,2751,8
2022-02-17,"GGD Rotterdam-Rijnmond",3094,3081,13
2022-02-17,"GGD Twente",1544,1535,9
2022-02-17,"GGD Zaanstreek/Waterland",676,672,4
2022-02-17,"GGD Zeeland",851,849,2
2022-02-17,"GGD Zuid-Limburg",1354,1352,2
2022-02-17,"Veiligheids- en Gezondheidsregio Gelderland-Midden",2481,2478,3
2022-02-18,"Dienst Gezondheid & Jeugd ZHZ",810,809,1
2022-02-18,"GGD Amsterdam",1541,1515,26
2022-02-18,"GGD Brabant-Zuidoost",1486,1484,2
2022-02-18,"GGD Fryslân",2129,2108,21
2022-02-18,"GGD Gelderland-Zuid",1514,1508,6
2022-02-18,"GGD Gooi en Vechtstreek",425,421,4
2022-02-18,"GGD Groningen",1787,1780,7
2022-02-18,"GGD Haaglanden",1641,1638,3
2022-02-18,"GGD Hart voor Brabant",2196,2183,13
2022-02-18,"GGD Hollands-Midden",1614,1610,4
2022-02-18,"GGD Hollands-Noorden",1207,1196,11
2022-02-18,"GGD Kennemerland",986,978,8
2022-02-18,"GGD Noord- en Oost-Gelderland",1859,1851,8
2022-02-18,"GGD Regio Utrecht",2853,2851,2
2022-02-18,"GGD Rotterdam-Rijnmond",1579,1556,23
2022-02-18,"GGD Twente",1278,1283,-5
2022-02-18,"GGD West-Brabant",1143,1142,1
2022-02-18,"GGD Zaanstreek/Waterland",379,375,4
2022-02-18,"GGD Zeeland",523,522,1
2022-02-18,"GGD Zuid-Limburg",1257,1246,11
2022-02-18,"Veiligheids- en Gezondheidsregio Gelderland-Midden",1617,1606,11
2022-02-19,"Dienst Gezondheid & Jeugd ZHZ",769,765,4
2022-02-19,"GGD Amsterdam",1584,1524,60
2022-02-19,"GGD Brabant-Zuidoost",1776,1767,9
2022-02-19,"GGD Drenthe",883,882,1
2022-02-19,"GGD Flevoland",872,867,5
2022-02-19,"GGD Fryslân",1822,1763,59
2022-02-19,"GGD Gelderland-Zuid",1323,1315,8
2022-02-19,"GGD Gooi en Vechtstreek",307,304,3
2022-02-19,"GGD Groningen",1208,1203,5
2022-02-19,"GGD Haaglanden",1655,1654,1
2022-02-19,"GGD Hart voor Brabant",1869,1844,25
2022-02-19,"GGD Hollands-Midden",1469,1458,11
2022-02-19,"GGD Hollands-Noorden",1211,1192,19
2022-02-19,"GGD IJsselland",1127,1100,27
2022-02-19,"GGD Kennemerland",1088,1065,23
2022-02-19,"GGD Limburg-Noord",865,857,8
2022-02-19,"GGD Noord- en Oost-Gelderland",1948,1915,33
2022-02-19,"GGD Regio Utrecht",2683,2677,6
2022-02-19,"GGD Rotterdam-Rijnmond",1532,1511,21
2022-02-19,"GGD Twente",1057,1038,19
2022-02-19,"GGD West-Brabant",1228,1220,8
2022-02-19,"GGD Zaanstreek/Waterland",557,542,15
2022-02-19,"GGD Zeeland",788,783,5
2022-02-19,"GGD Zuid-Limburg",944,938,6
2022-02-19,"Veiligheids- en Gezondheidsregio Gelderland-Midden",1530,1523,7
2022-02-20,"Dienst Gezondheid & Jeugd ZHZ",811,803,8
2022-02-20,"GGD Amsterdam",1379,1254,125
2022-02-20,"GGD Brabant-Zuidoost",1439,1425,14
2022-02-20,"GGD Flevoland",703,693,10
2022-02-20,"GGD Fryslân",1844,1847,-3
2022-02-20,"GGD Gelderland-Zuid",1232,1215,17
2022-02-20,"GGD Gooi en Vechtstreek",362,357,5
2022-02-20,"GGD Groningen",1678,1662,16
2022-02-20,"GGD Haaglanden",1890,1885,5
2022-02-20,"GGD Hart voor Brabant",1840,1813,27
2022-02-20,"GGD Hollands-Midden",1466,1456,10
2022-02-20,"GGD Hollands-Noorden",1347,1292,55
2022-02-20,"GGD IJsselland",1081,1072,9
2022-02-20,"GGD Kennemerland",956,920,36
2022-02-20,"GGD Limburg-Noord",958,951,7
2022-02-20,"GGD Noord- en Oost-Gelderland",2563,2533,30
2022-02-20,"GGD Regio Utrecht",3477,3446,31
2022-02-20,"GGD Rotterdam-Rijnmond",1550,1488,62
2022-02-20,"GGD Twente",1193,1167,26
2022-02-20,"GGD West-Brabant",919,905,14
2022-02-20,"GGD Zaanstreek/Waterland",536,523,13
2022-02-20,"GGD Zeeland",576,575,1
2022-02-20,"GGD Zuid-Limburg",810,791,19
2022-02-21,"Dienst Gezondheid & Jeugd ZHZ",610,603,7
2022-02-21,"GGD Amsterdam",1362,1142,220
2022-02-21,"GGD Brabant-Zuidoost",1769,1742,27
2022-02-21,"GGD Drenthe",1016,1014,2
2022-02-21,"GGD Flevoland",672,650,22
2022-02-21,"GGD Fryslân",1761,1745,16
2022-02-21,"GGD Gelderland-Zuid",998,923,75
2022-02-21,"GGD Gooi en Vechtstreek",312,304,8
2022-02-21,"GGD Groningen",1008,979,29
2022-02-21,"GGD Haaglanden",1782,1774,8
2022-02-21,"GGD Hart voor Brabant",1818,1732,86
2022-02-21,"GGD Hollands-Midden",1442,1396,46
2022-02-21,"GGD Hollands-Noorden",997,936,61
2022-02-21,"GGD IJsselland",1145,1085,60
2022-02-21,"GGD Kennemerland",975,877,98
2022-02-21,"GGD Limburg-Noord",1099,1083,16
2022-02-21,"GGD Noord- en Oost-Gelderland",2079,2010,69
2022-02-21,"GGD Regio Utrecht",2850,2820,30
2022-02-21,"GGD Rotterdam-Rijnmond",1865,1721,144
2022-02-21,"GGD Twente",1041,941,100
2022-02-21,"GGD West-Brabant",1063,1033,30
2022-02-21,"GGD Zaanstreek/Waterland",405,387,18
2022-02-21,"GGD Zeeland",724,701,23
2022-02-21,"GGD Zuid-Limburg",1111,1084,27
2022-02-21,"Veiligheids- en Gezondheidsregio Gelderland-Midden",1613,1595,18
2022-02-22,"Dienst Gezondheid & Jeugd ZHZ",858,836,22
2022-02-22,"GGD Amsterdam",1518,1493,25
2022-02-22,"GGD Brabant-Zuidoost",1627,1615,12
2022-02-22,"GGD Drenthe",1453,1450,3
2022-02-22,"GGD Flevoland",607,558,49
2022-02-22,"GGD Fryslân",2050,2011,39
2022-02-22,"GGD Gelderland-Zuid",1344,1230,114
2022-02-22,"GGD Gooi en Vechtstreek",279,252,27
2022-02-22,"GGD Groningen",1996,1986,10
2022-02-22,"GGD Haaglanden",2138,2120,18
2022-02-22,"GGD Hart voor Brabant",1889,1781,108
2022-02-22,"GGD Hollands-Midden",2036,1984,52
2022-02-22,"GGD Hollands-Noorden",1455,1417,38
2022-02-22,"GGD IJsselland",1614,1509,105
2022-02-22,"GGD Kennemerland",906,728,178
2022-02-22,"GGD Limburg-Noord",976,952,24
2022-02-22,"GGD Noord- en Oost-Gelderland",2157,2066,91
2022-02-22,"GGD Regio Utrecht",4199,4109,90
2022-02-22,"GGD Rotterdam-Rijnmond",1956,1856,100
2022-02-22,"GGD Twente",1488,1345,143
2022-02-22,"GGD West-Brabant",1189,1130,59
2022-02-22,"GGD Zaanstreek/Waterland",433,411,22
2022-02-22,"GGD Zeeland",950,907,43
2022-02-22,"GGD Zuid-Limburg",1352,1269,83
2022-02-22,"Veiligheids- en Gezondheidsregio Gelderland-Midden",1758,1729,29
2022-02-23,"Dienst Gezondheid & Jeugd ZHZ",856,858,-2
2022-02-23,"GGD Amsterdam",1864,1995,-131
2022-02-23,"GGD Brabant-Zuidoost",1736,1742,-6
2022-02-23,"GGD Drenthe",1421,1413,8
2022-02-23,"GGD Flevoland",539,515,24
2022-02-23,"GGD Fryslân",1897,1838,59
2022-02-23,"GGD Gelderland-Zuid",1157,1162,-5
2022-02-23,"GGD Gooi en Vechtstreek",424,411,13
2022-02-23,"GGD Groningen",2133,2150,-17
2022-02-23,"GGD Haaglanden",1865,1858,7
2022-02-23,"GGD Hart voor Brabant",1863,1896,-33
2022-02-23,"GGD Hollands-Midden",1270,1253,17
2022-02-23,"GGD Hollands-Noorden",1320,1319,1
2022-02-23,"GGD IJsselland",1006,974,32
2022-02-23,"GGD Kennemerland",650,584,66
2022-02-23,"GGD Limburg-Noord",1076,1062,14
2022-02-23,"GGD Noord- en Oost-Gelderland",2062,2107,-45
2022-02-23,"GGD Regio Utrecht",3239,3258,-19
2022-02-23,"GGD Rotterdam-Rijnmond",1499,1613,-114
2022-02-23,"GGD Twente",1316,1296,20
2022-02-23,"GGD West-Brabant",1000,945,55
2022-02-23,"GGD Zaanstreek/Waterland",529,534,-5
2022-02-23,"GGD Zeeland",762,728,34
2022-02-23,"GGD Zuid-Limburg",1111,1035,76
2022-02-23,"Veiligheids- en Gezondheidsregio Gelderland-Midden",1744,1750,-6
2022-02-24,"Dienst Gezondheid & Jeugd ZHZ",677,702,-25
2022-02-24,"GGD Amsterdam",1513,1766,-253
2022-02-24,"GGD Brabant-Zuidoost",1456,1476,-20
2022-02-24,"GGD Drenthe",1488,1490,-2
2022-02-24,"GGD Flevoland",562,658,-96
2022-02-24,"GGD Fryslân",2155,2229,-74
2022-02-24,"GGD Gelderland-Zuid",963,1115,-152
2022-02-24,"GGD Gooi en Vechtstreek",364,396,-32
2022-02-24,"GGD Groningen",1498,1445,53
2022-02-24,"GGD Haaglanden",1969,1956,13
2022-02-24,"GGD Hart voor Brabant",1903,2001,-98
2022-02-24,"GGD Hollands-Midden",1689,1777,-88
2022-02-24,"GGD Hollands-Noorden",1177,1258,-81
2022-02-24,"GGD IJsselland",1231,1405,-174
2022-02-24,"GGD Kennemerland",627,1023,-396
2022-02-24,"GGD Limburg-Noord",948,974,-26
2022-02-24,"GGD Noord- en Oost-Gelderland",1992,2157,-165
2022-02-24,"GGD Regio Utrecht",3215,3146,69
2022-02-24,"GGD Rotterdam-Rijnmond",1427,1675,-248
2022-02-24,"GGD Twente",1281,1568,-287
2022-02-24,"GGD West-Brabant",1049,1138,-89
2022-02-24,"GGD Zaanstreek/Waterland",554,609,-55
2022-02-24,"GGD Zeeland",438,514,-76
2022-02-24,"GGD Zuid-Limburg",745,872,-127
2022-02-24,"Veiligheids- en Gezondheidsregio Gelderland-Midden",1890,1932,-42
2022-02-25,"Dienst Gezondheid & Jeugd ZHZ",854,45,809
2022-02-25,"GGD Amsterdam",1449,27,1422
2022-02-25,"GGD Brabant-Zuidoost",1179,32,1147
2022-02-25,"GGD Drenthe",1297,111,1186
2022-02-25,"GGD Flevoland",610,93,517
2022-02-25,"GGD Fryslân",1663,11,1652
2022-02-25,"GGD Gelderland-Zuid",1108,130,978
2022-02-25,"GGD Gooi en Vechtstreek",349,30,319
2022-02-25,"GGD Groningen",1812,388,1424
2022-02-25,"GGD Haaglanden",1678,107,1571
2022-02-25,"GGD Hart voor Brabant",1818,195,1623
2022-02-25,"GGD Hollands-Midden",1686,267,1419
2022-02-25,"GGD Hollands-Noorden",1034,225,809
2022-02-25,"GGD IJsselland",1419,318,1101
2022-02-25,"GGD Kennemerland",951,43,908
2022-02-25,"GGD Limburg-Noord",855,129,726
2022-02-25,"GGD Noord- en Oost-Gelderland",1757,448,1309
2022-02-25,"GGD Regio Utrecht",2841,92,2749
2022-02-25,"GGD Rotterdam-Rijnmond",1763,124,1639
2022-02-25,"GGD Twente",1374,62,1312
2022-02-25,"GGD West-Brabant",800,115,685
2022-02-25,"GGD Zaanstreek/Waterland",462,98,364
2022-02-25,"GGD Zeeland",650,4,646
2022-02-25,"GGD Zuid-Limburg",893,259,634
2022-02-25,"Veiligheids- en Gezondheidsregio Gelderland-Midden",1479,250,1229
