"Date_statistics","Municipal_health_service","cases.today","cases.yesterday","diff"
2021-11-08,"GGD West-Brabant",667,666,1
2021-11-13,"GGD West-Brabant",868,869,-1
2021-11-19,"GGD West-Brabant",1166,1167,-1
2021-11-21,"GGD West-Brabant",889,888,1
2021-11-23,"GGD West-Brabant",974,973,1
2021-11-24,"GGD West-Brabant",1082,1083,-1
2021-11-28,"GGD Twente",705,706,-1
2021-12-17,"GGD West-Brabant",513,511,2
2021-12-20,"GGD West-Brabant",535,538,-3
2021-12-21,"GGD Twente",405,404,1
2021-12-24,"Dienst Gezondheid & Jeugd ZHZ",298,297,1
2021-12-25,"GGD West-Brabant",495,494,1
2021-12-26,"GGD West-Brabant",481,482,-1
2021-12-29,"GGD West-Brabant",639,638,1
2021-12-30,"GGD West-Brabant",590,591,-1
2021-12-31,"GGD Twente",588,589,-1
2022-01-05,"GGD Rotterdam-Rijnmond",3100,3099,1
2022-01-08,"GGD West-Brabant",904,903,1
2022-01-09,"GGD West-Brabant",910,911,-1
2022-01-11,"GGD Rotterdam-Rijnmond",3608,3606,2
2022-01-12,"Dienst Gezondheid & Jeugd ZHZ",539,537,2
2022-01-12,"GGD Gelderland-Zuid",896,895,1
2022-01-12,"GGD Rotterdam-Rijnmond",3541,3540,1
2022-01-12,"GGD West-Brabant",1506,1505,1
2022-01-13,"GGD Rotterdam-Rijnmond",3665,3666,-1
2022-01-14,"GGD Rotterdam-Rijnmond",3574,3573,1
2022-01-17,"GGD Rotterdam-Rijnmond",4636,4635,1
2022-01-17,"GGD West-Brabant",1782,1783,-1
2022-01-18,"GGD West-Brabant",2676,2674,2
2022-01-19,"Dienst Gezondheid & Jeugd ZHZ",1568,1567,1
2022-01-19,"GGD IJsselland",1766,1767,-1
2022-01-19,"GGD West-Brabant",2957,2956,1
2022-01-20,"GGD West-Brabant",3036,3032,4
2022-01-21,"GGD Kennemerland",2600,2599,1
2022-01-21,"GGD West-Brabant",2789,2792,-3
2022-01-22,"Dienst Gezondheid & Jeugd ZHZ",1811,1810,1
2022-01-22,"GGD West-Brabant",2944,2946,-2
2022-01-23,"Dienst Gezondheid & Jeugd ZHZ",1842,1843,-1
2022-01-23,"GGD IJsselland",1846,1845,1
2022-01-23,"GGD West-Brabant",2885,2884,1
2022-01-24,"GGD West-Brabant",2813,2816,-3
2022-01-25,"Dienst Gezondheid & Jeugd ZHZ",2440,2439,1
2022-01-26,"GGD West-Brabant",3699,3698,1
2022-01-28,"GGD Hollands-Midden",4223,4224,-1
2022-01-28,"GGD West-Brabant",3352,3353,-1
2022-01-29,"Dienst Gezondheid & Jeugd ZHZ",3008,3009,-1
2022-01-29,"GGD Kennemerland",2744,2745,-1
2022-01-29,"GGD West-Brabant",3767,3765,2
2022-01-30,"GGD IJsselland",3139,3140,-1
2022-01-30,"GGD West-Brabant",3277,3276,1
2022-01-31,"Dienst Gezondheid & Jeugd ZHZ",2430,2429,1
2022-01-31,"GGD Rotterdam-Rijnmond",6472,6471,1
2022-01-31,"GGD West-Brabant",3741,3742,-1
2022-02-01,"GGD Hollands-Midden",4412,4410,2
2022-02-01,"GGD Rotterdam-Rijnmond",5712,5713,-1
2022-02-01,"GGD West-Brabant",3904,3907,-3
2022-02-02,"GGD Twente",3930,3929,1
2022-02-02,"GGD West-Brabant",3533,3532,1
2022-02-03,"Veiligheids- en Gezondheidsregio Gelderland-Midden",3971,3970,1
2022-02-04,"GGD Brabant-Zuidoost",3948,3947,1
2022-02-04,"GGD IJsselland",3432,3430,2
2022-02-04,"GGD West-Brabant",4561,4560,1
2022-02-04,"Veiligheids- en Gezondheidsregio Gelderland-Midden",4348,4349,-1
2022-02-05,"GGD Regio Utrecht",7201,7202,-1
2022-02-06,"GGD West-Brabant",3272,3273,-1
2022-02-06,"GGD Zuid-Limburg",1501,1500,1
2022-02-06,"Veiligheids- en Gezondheidsregio Gelderland-Midden",3306,3307,-1
2022-02-07,"GGD Twente",3031,3030,1
2022-02-08,"GGD Noord- en Oost-Gelderland",4522,4521,1
2022-02-08,"GGD Zuid-Limburg",2371,2372,-1
2022-02-09,"GGD West-Brabant",3426,3427,-1
2022-02-10,"GGD Rotterdam-Rijnmond",4298,4297,1
2022-02-10,"GGD West-Brabant",2856,2855,1
2022-02-10,"GGD Zuid-Limburg",2419,2418,1
2022-02-10,"Veiligheids- en Gezondheidsregio Gelderland-Midden",3486,3485,1
2022-02-13,"GGD West-Brabant",1774,1775,-1
2022-02-15,"GGD West-Brabant",1983,1981,2
2022-02-16,"GGD Rotterdam-Rijnmond",3337,3335,2
2022-02-16,"GGD West-Brabant",1863,1864,-1
2022-02-17,"GGD Kennemerland",1186,1185,1
2022-02-17,"GGD West-Brabant",1438,1439,-1
2022-02-18,"GGD Hollands-Noorden",1213,1211,2
2022-02-18,"GGD Kennemerland",1040,1039,1
2022-02-18,"GGD Rotterdam-Rijnmond",1595,1596,-1
2022-02-19,"GGD Kennemerland",1153,1152,1
2022-02-21,"GGD Hollands-Midden",1487,1488,-1
2022-02-21,"GGD Kennemerland",1178,1180,-2
2022-02-21,"GGD Rotterdam-Rijnmond",2139,2138,1
2022-02-22,"GGD Kennemerland",1135,1136,-1
2022-02-24,"GGD Hollands-Midden",1890,1889,1
2022-02-24,"GGD Zuid-Limburg",940,939,1
2022-02-25,"GGD Brabant-Zuidoost",1285,1284,1
2022-02-27,"GGD Amsterdam",1962,1964,-2
2022-02-28,"GGD Twente",2220,2219,1
2022-03-01,"GGD Kennemerland",1599,1597,2
2022-03-01,"GGD Zuid-Limburg",1530,1531,-1
2022-03-02,"GGD Amsterdam",3186,3180,6
2022-03-02,"GGD Brabant-Zuidoost",3037,3035,2
2022-03-02,"GGD Kennemerland",1462,1461,1
2022-03-02,"GGD Twente",2622,2623,-1
2022-03-03,"Dienst Gezondheid & Jeugd ZHZ",941,940,1
2022-03-03,"GGD Amsterdam",3374,3358,16
2022-03-03,"GGD Brabant-Zuidoost",5002,5001,1
2022-03-03,"GGD Hart voor Brabant",7195,7194,1
2022-03-03,"GGD Kennemerland",1414,1413,1
2022-03-04,"GGD Brabant-Zuidoost",5098,5097,1
2022-03-04,"GGD Rotterdam-Rijnmond",2540,2538,2
2022-03-04,"GGD Zuid-Limburg",4215,4214,1
2022-03-05,"GGD Amsterdam",2507,2508,-1
2022-03-05,"GGD Kennemerland",1403,1400,3
2022-03-06,"GGD Amsterdam",2847,2846,1
2022-03-06,"GGD Kennemerland",1352,1349,3
2022-03-07,"GGD Amsterdam",3571,3570,1
2022-03-07,"GGD Brabant-Zuidoost",5139,5138,1
2022-03-07,"GGD Kennemerland",1226,1227,-1
2022-03-07,"GGD Limburg-Noord",4301,4300,1
2022-03-07,"GGD Rotterdam-Rijnmond",3422,3420,2
2022-03-07,"GGD West-Brabant",4242,4241,1
2022-03-08,"GGD Brabant-Zuidoost",3599,3598,1
2022-03-08,"GGD Kennemerland",1707,1716,-9
2022-03-09,"GGD Brabant-Zuidoost",4973,4971,2
2022-03-09,"GGD Kennemerland",1699,1698,1
2022-03-09,"GGD Regio Utrecht",5459,5458,1
2022-03-10,"GGD Brabant-Zuidoost",4811,4810,1
2022-03-10,"GGD Regio Utrecht",4565,4566,-1
2022-03-11,"GGD Brabant-Zuidoost",2639,2640,-1
2022-03-12,"GGD Brabant-Zuidoost",2678,2679,-1
2022-03-12,"GGD Rotterdam-Rijnmond",2716,2715,1
2022-03-12,"GGD West-Brabant",2283,2284,-1
2022-03-13,"GGD Brabant-Zuidoost",2203,2205,-2
2022-03-13,"GGD Rotterdam-Rijnmond",2637,2638,-1
2022-03-14,"GGD Amsterdam",2512,2511,1
2022-03-14,"GGD Zuid-Limburg",2330,2329,1
2022-03-15,"GGD Flevoland",865,864,1
2022-03-15,"GGD Noord- en Oost-Gelderland",3212,3211,1
2022-03-15,"GGD Rotterdam-Rijnmond",3596,3595,1
2022-03-15,"GGD Twente",2157,2156,1
2022-03-15,"GGD Zuid-Limburg",1788,1789,-1
2022-03-16,"GGD Noord- en Oost-Gelderland",3400,3399,1
2022-03-16,"Veiligheids- en Gezondheidsregio Gelderland-Midden",2692,2691,1
2022-03-17,"GGD Rotterdam-Rijnmond",3157,3156,1
2022-03-18,"Dienst Gezondheid & Jeugd ZHZ",835,834,1
2022-03-18,"GGD Amsterdam",2107,2106,1
2022-03-18,"GGD Kennemerland",1442,1441,1
2022-03-18,"GGD Noord- en Oost-Gelderland",2656,2655,1
2022-03-19,"GGD Hollands-Noorden",1310,1309,1
2022-03-19,"GGD Kennemerland",1109,1110,-1
2022-03-19,"GGD Twente",1930,1932,-2
2022-03-19,"GGD West-Brabant",1041,1040,1
2022-03-20,"Dienst Gezondheid & Jeugd ZHZ",630,629,1
2022-03-20,"GGD Hollands-Noorden",1068,1067,1
2022-03-20,"GGD West-Brabant",873,872,1
2022-03-21,"GGD Amsterdam",2226,2223,3
2022-03-21,"GGD Flevoland",832,831,1
2022-03-21,"GGD Haaglanden",2648,2647,1
2022-03-21,"GGD Hollands-Midden",2486,2485,1
2022-03-21,"GGD Rotterdam-Rijnmond",2703,2704,-1
2022-03-21,"GGD Twente",1471,1469,2
2022-03-21,"GGD West-Brabant",1120,1119,1
2022-03-22,"Dienst Gezondheid & Jeugd ZHZ",770,769,1
2022-03-22,"GGD Brabant-Zuidoost",1451,1450,1
2022-03-22,"GGD Flevoland",976,975,1
2022-03-22,"GGD Hollands-Midden",1958,1959,-1
2022-03-22,"GGD Twente",1584,1583,1
2022-03-22,"GGD West-Brabant",1055,1053,2
2022-03-22,"Veiligheids- en Gezondheidsregio Gelderland-Midden",2145,2144,1
2022-03-23,"Dienst Gezondheid & Jeugd ZHZ",900,899,1
2022-03-23,"GGD Amsterdam",2021,2019,2
2022-03-23,"GGD Flevoland",903,901,2
2022-03-23,"GGD Gelderland-Zuid",1072,1071,1
2022-03-23,"GGD Hart voor Brabant",1791,1789,2
2022-03-23,"GGD Hollands-Midden",1809,1808,1
2022-03-23,"GGD IJsselland",1299,1298,1
2022-03-23,"GGD Regio Utrecht",3259,3258,1
2022-03-23,"GGD Twente",1160,1159,1
2022-03-23,"GGD West-Brabant",1099,1103,-4
2022-03-24,"Dienst Gezondheid & Jeugd ZHZ",889,888,1
2022-03-24,"GGD Amsterdam",1713,1711,2
2022-03-24,"GGD Brabant-Zuidoost",1293,1292,1
2022-03-24,"GGD Haaglanden",2016,2015,1
2022-03-24,"GGD Hollands-Midden",1740,1741,-1
2022-03-24,"GGD IJsselland",1152,1151,1
2022-03-24,"GGD Regio Utrecht",3010,3009,1
2022-03-24,"GGD Rotterdam-Rijnmond",2327,2326,1
2022-03-24,"Veiligheids- en Gezondheidsregio Gelderland-Midden",1474,1473,1
2022-03-25,"Dienst Gezondheid & Jeugd ZHZ",566,560,6
2022-03-25,"GGD Amsterdam",1541,1538,3
2022-03-25,"GGD Brabant-Zuidoost",1061,1060,1
2022-03-25,"GGD Flevoland",665,667,-2
2022-03-25,"GGD Fryslân",1104,1103,1
2022-03-25,"GGD Hart voor Brabant",1096,1095,1
2022-03-25,"GGD Hollands-Midden",1535,1536,-1
2022-03-25,"GGD Kennemerland",1041,1040,1
2022-03-25,"GGD Noord- en Oost-Gelderland",1793,1791,2
2022-03-25,"GGD Rotterdam-Rijnmond",1643,1644,-1
2022-03-25,"GGD Twente",1404,1402,2
2022-03-25,"GGD Zuid-Limburg",724,725,-1
2022-03-26,"Dienst Gezondheid & Jeugd ZHZ",654,643,11
2022-03-26,"GGD Brabant-Zuidoost",825,821,4
2022-03-26,"GGD Flevoland",542,541,1
2022-03-26,"GGD Gelderland-Zuid",798,799,-1
2022-03-26,"GGD Gooi en Vechtstreek",331,330,1
2022-03-26,"GGD Hart voor Brabant",1046,1045,1
2022-03-26,"GGD Hollands-Midden",1135,1134,1
2022-03-26,"GGD Hollands-Noorden",874,873,1
2022-03-26,"GGD IJsselland",910,911,-1
2022-03-26,"GGD Noord- en Oost-Gelderland",1617,1616,1
2022-03-26,"GGD Rotterdam-Rijnmond",1742,1740,2
2022-03-26,"GGD Zaanstreek/Waterland",541,540,1
2022-03-26,"GGD Zeeland",501,500,1
2022-03-26,"Veiligheids- en Gezondheidsregio Gelderland-Midden",1200,1201,-1
2022-03-27,"Dienst Gezondheid & Jeugd ZHZ",496,479,17
2022-03-27,"GGD Amsterdam",815,814,1
2022-03-27,"GGD Brabant-Zuidoost",849,843,6
2022-03-27,"GGD Flevoland",461,459,2
2022-03-27,"GGD Fryslân",868,869,-1
2022-03-27,"GGD Gelderland-Zuid",777,776,1
2022-03-27,"GGD Groningen",957,956,1
2022-03-27,"GGD Haaglanden",1320,1319,1
2022-03-27,"GGD Kennemerland",818,816,2
2022-03-27,"GGD Noord- en Oost-Gelderland",1431,1430,1
2022-03-27,"GGD Rotterdam-Rijnmond",1423,1422,1
2022-03-27,"GGD West-Brabant",537,536,1
2022-03-27,"GGD Zaanstreek/Waterland",420,419,1
2022-03-27,"GGD Zeeland",528,527,1
2022-03-27,"GGD Zuid-Limburg",515,513,2
2022-03-27,"Veiligheids- en Gezondheidsregio Gelderland-Midden",913,908,5
2022-03-28,"Dienst Gezondheid & Jeugd ZHZ",814,780,34
2022-03-28,"GGD Amsterdam",1586,1573,13
2022-03-28,"GGD Brabant-Zuidoost",1039,1045,-6
2022-03-28,"GGD Flevoland",587,585,2
2022-03-28,"GGD Gelderland-Zuid",890,884,6
2022-03-28,"GGD Groningen",1173,1153,20
2022-03-28,"GGD Haaglanden",2099,2100,-1
2022-03-28,"GGD Hart voor Brabant",1132,1129,3
2022-03-28,"GGD Hollands-Midden",1829,1828,1
2022-03-28,"GGD Hollands-Noorden",739,737,2
2022-03-28,"GGD Kennemerland",833,826,7
2022-03-28,"GGD Noord- en Oost-Gelderland",1731,1729,2
2022-03-28,"GGD Regio Utrecht",2509,2506,3
2022-03-28,"GGD Rotterdam-Rijnmond",2092,2085,7
2022-03-28,"GGD Twente",1249,1250,-1
2022-03-28,"GGD West-Brabant",946,944,2
2022-03-28,"GGD Zeeland",742,743,-1
2022-03-28,"GGD Zuid-Limburg",633,632,1
2022-03-28,"Veiligheids- en Gezondheidsregio Gelderland-Midden",1264,1256,8
2022-03-29,"Dienst Gezondheid & Jeugd ZHZ",790,800,-10
2022-03-29,"GGD Amsterdam",1551,1533,18
2022-03-29,"GGD Brabant-Zuidoost",855,856,-1
2022-03-29,"GGD Flevoland",560,559,1
2022-03-29,"GGD Gelderland-Zuid",986,982,4
2022-03-29,"GGD Groningen",1243,1226,17
2022-03-29,"GGD Haaglanden",1602,1603,-1
2022-03-29,"GGD Hart voor Brabant",1219,1215,4
2022-03-29,"GGD Hollands-Noorden",1013,1011,2
2022-03-29,"GGD IJsselland",496,494,2
2022-03-29,"GGD Kennemerland",815,809,6
2022-03-29,"GGD Limburg-Noord",625,621,4
2022-03-29,"GGD Noord- en Oost-Gelderland",1648,1646,2
2022-03-29,"GGD Regio Utrecht",2545,2544,1
2022-03-29,"GGD Rotterdam-Rijnmond",1886,1884,2
2022-03-29,"GGD Twente",1106,1105,1
2022-03-29,"GGD West-Brabant",797,796,1
2022-03-29,"GGD Zaanstreek/Waterland",500,498,2
2022-03-29,"GGD Zeeland",606,605,1
2022-03-29,"GGD Zuid-Limburg",583,582,1
2022-03-29,"Veiligheids- en Gezondheidsregio Gelderland-Midden",1113,1116,-3
2022-03-30,"Dienst Gezondheid & Jeugd ZHZ",582,623,-41
2022-03-30,"GGD Amsterdam",1484,1466,18
2022-03-30,"GGD Brabant-Zuidoost",912,907,5
2022-03-30,"GGD Flevoland",457,453,4
2022-03-30,"GGD Fryslân",799,797,2
2022-03-30,"GGD Gelderland-Zuid",716,707,9
2022-03-30,"GGD Gooi en Vechtstreek",294,292,2
2022-03-30,"GGD Groningen",814,811,3
2022-03-30,"GGD Haaglanden",1783,1782,1
2022-03-30,"GGD Hart voor Brabant",1114,1113,1
2022-03-30,"GGD Hollands-Midden",1363,1362,1
2022-03-30,"GGD Hollands-Noorden",810,806,4
2022-03-30,"GGD IJsselland",888,881,7
2022-03-30,"GGD Kennemerland",748,741,7
2022-03-30,"GGD Noord- en Oost-Gelderland",1514,1511,3
2022-03-30,"GGD Regio Utrecht",2191,2189,2
2022-03-30,"GGD Rotterdam-Rijnmond",1685,1680,5
2022-03-30,"GGD Twente",1058,1059,-1
2022-03-30,"GGD West-Brabant",783,776,7
2022-03-30,"GGD Zaanstreek/Waterland",520,518,2
2022-03-30,"GGD Zeeland",544,534,10
2022-03-30,"GGD Zuid-Limburg",589,586,3
2022-03-30,"Veiligheids- en Gezondheidsregio Gelderland-Midden",1097,1095,2
2022-03-31,"Dienst Gezondheid & Jeugd ZHZ",394,423,-29
2022-03-31,"GGD Amsterdam",1050,1018,32
2022-03-31,"GGD Brabant-Zuidoost",653,654,-1
2022-03-31,"GGD Flevoland",471,462,9
2022-03-31,"GGD Gelderland-Zuid",739,727,12
2022-03-31,"GGD Gooi en Vechtstreek",242,241,1
2022-03-31,"GGD Groningen",977,975,2
2022-03-31,"GGD Haaglanden",1484,1480,4
2022-03-31,"GGD Hart voor Brabant",906,900,6
2022-03-31,"GGD Hollands-Midden",1056,1051,5
2022-03-31,"GGD Hollands-Noorden",805,801,4
2022-03-31,"GGD IJsselland",846,843,3
2022-03-31,"GGD Kennemerland",633,621,12
2022-03-31,"GGD Limburg-Noord",536,535,1
2022-03-31,"GGD Noord- en Oost-Gelderland",1363,1353,10
2022-03-31,"GGD Regio Utrecht",1837,1825,12
2022-03-31,"GGD Rotterdam-Rijnmond",1624,1617,7
2022-03-31,"GGD Twente",958,950,8
2022-03-31,"GGD West-Brabant",686,675,11
2022-03-31,"GGD Zaanstreek/Waterland",365,364,1
2022-03-31,"GGD Zeeland",423,415,8
2022-03-31,"Veiligheids- en Gezondheidsregio Gelderland-Midden",933,923,10
2022-04-01,"Dienst Gezondheid & Jeugd ZHZ",535,534,1
2022-04-01,"GGD Amsterdam",628,565,63
2022-04-01,"GGD Brabant-Zuidoost",588,579,9
2022-04-01,"GGD Flevoland",375,362,13
2022-04-01,"GGD Fryslân",580,575,5
2022-04-01,"GGD Gelderland-Zuid",506,493,13
2022-04-01,"GGD Gooi en Vechtstreek",231,229,2
2022-04-01,"GGD Groningen",723,721,2
2022-04-01,"GGD Haaglanden",1160,1156,4
2022-04-01,"GGD Hart voor Brabant",795,781,14
2022-04-01,"GGD Hollands-Midden",871,866,5
2022-04-01,"GGD Hollands-Noorden",514,509,5
2022-04-01,"GGD IJsselland",621,612,9
2022-04-01,"GGD Kennemerland",528,493,35
2022-04-01,"GGD Limburg-Noord",322,319,3
2022-04-01,"GGD Noord- en Oost-Gelderland",1020,1001,19
2022-04-01,"GGD Regio Utrecht",1433,1421,12
2022-04-01,"GGD Rotterdam-Rijnmond",1067,1057,10
2022-04-01,"GGD Twente",644,641,3
2022-04-01,"GGD West-Brabant",489,476,13
2022-04-01,"GGD Zaanstreek/Waterland",306,302,4
2022-04-01,"GGD Zeeland",370,351,19
2022-04-01,"GGD Zuid-Limburg",406,400,6
2022-04-01,"Veiligheids- en Gezondheidsregio Gelderland-Midden",767,756,11
2022-04-02,"Dienst Gezondheid & Jeugd ZHZ",331,326,5
2022-04-02,"GGD Amsterdam",689,657,32
2022-04-02,"GGD Brabant-Zuidoost",412,404,8
2022-04-02,"GGD Drenthe",390,388,2
2022-04-02,"GGD Flevoland",215,197,18
2022-04-02,"GGD Fryslân",480,473,7
2022-04-02,"GGD Gelderland-Zuid",391,349,42
2022-04-02,"GGD Gooi en Vechtstreek",171,170,1
2022-04-02,"GGD Groningen",437,426,11
2022-04-02,"GGD Haaglanden",805,802,3
2022-04-02,"GGD Hart voor Brabant",537,525,12
2022-04-02,"GGD Hollands-Midden",509,500,9
2022-04-02,"GGD Hollands-Noorden",412,404,8
2022-04-02,"GGD IJsselland",436,421,15
2022-04-02,"GGD Kennemerland",378,340,38
2022-04-02,"GGD Limburg-Noord",285,282,3
2022-04-02,"GGD Noord- en Oost-Gelderland",732,706,26
2022-04-02,"GGD Regio Utrecht",1074,1058,16
2022-04-02,"GGD Rotterdam-Rijnmond",641,635,6
2022-04-02,"GGD Twente",484,466,18
2022-04-02,"GGD West-Brabant",336,301,35
2022-04-02,"GGD Zaanstreek/Waterland",194,191,3
2022-04-02,"GGD Zeeland",275,255,20
2022-04-02,"GGD Zuid-Limburg",281,268,13
2022-04-02,"Veiligheids- en Gezondheidsregio Gelderland-Midden",443,426,17
2022-04-03,"Dienst Gezondheid & Jeugd ZHZ",295,293,2
2022-04-03,"GGD Amsterdam",429,530,-101
2022-04-03,"GGD Brabant-Zuidoost",227,203,24
2022-04-03,"GGD Drenthe",388,386,2
2022-04-03,"GGD Flevoland",163,144,19
2022-04-03,"GGD Fryslân",395,382,13
2022-04-03,"GGD Gelderland-Zuid",318,234,84
2022-04-03,"GGD Gooi en Vechtstreek",143,140,3
2022-04-03,"GGD Groningen",423,408,15
2022-04-03,"GGD Haaglanden",723,716,7
2022-04-03,"GGD Hart voor Brabant",381,362,19
2022-04-03,"GGD Hollands-Midden",524,506,18
2022-04-03,"GGD Hollands-Noorden",346,324,22
2022-04-03,"GGD IJsselland",415,379,36
2022-04-03,"GGD Kennemerland",358,279,79
2022-04-03,"GGD Limburg-Noord",216,212,4
2022-04-03,"GGD Noord- en Oost-Gelderland",672,644,28
2022-04-03,"GGD Regio Utrecht",849,831,18
2022-04-03,"GGD Rotterdam-Rijnmond",648,629,19
2022-04-03,"GGD Twente",431,402,29
2022-04-03,"GGD West-Brabant",266,197,69
2022-04-03,"GGD Zaanstreek/Waterland",181,173,8
2022-04-03,"GGD Zeeland",200,155,45
2022-04-03,"GGD Zuid-Limburg",214,196,18
2022-04-03,"Veiligheids- en Gezondheidsregio Gelderland-Midden",440,413,27
2022-04-04,"Dienst Gezondheid & Jeugd ZHZ",275,270,5
2022-04-04,"GGD Amsterdam",672,625,47
2022-04-04,"GGD Brabant-Zuidoost",437,421,16
2022-04-04,"GGD Drenthe",538,524,14
2022-04-04,"GGD Flevoland",272,254,18
2022-04-04,"GGD Fryslân",446,420,26
2022-04-04,"GGD Gelderland-Zuid",333,232,101
2022-04-04,"GGD Gooi en Vechtstreek",129,124,5
2022-04-04,"GGD Groningen",545,516,29
2022-04-04,"GGD Haaglanden",985,952,33
2022-04-04,"GGD Hart voor Brabant",442,418,24
2022-04-04,"GGD Hollands-Midden",752,770,-18
2022-04-04,"GGD Hollands-Noorden",371,339,32
2022-04-04,"GGD IJsselland",491,469,22
2022-04-04,"GGD Kennemerland",207,226,-19
2022-04-04,"GGD Limburg-Noord",286,283,3
2022-04-04,"GGD Noord- en Oost-Gelderland",761,730,31
2022-04-04,"GGD Regio Utrecht",1246,1283,-37
2022-04-04,"GGD Rotterdam-Rijnmond",1051,1023,28
2022-04-04,"GGD Twente",561,535,26
2022-04-04,"GGD West-Brabant",238,162,76
2022-04-04,"GGD Zaanstreek/Waterland",197,200,-3
2022-04-04,"GGD Zeeland",271,224,47
2022-04-04,"GGD Zuid-Limburg",268,239,29
2022-04-04,"Veiligheids- en Gezondheidsregio Gelderland-Midden",545,524,21
2022-04-05,"Dienst Gezondheid & Jeugd ZHZ",330,332,-2
2022-04-05,"GGD Amsterdam",756,799,-43
2022-04-05,"GGD Brabant-Zuidoost",265,261,4
2022-04-05,"GGD Drenthe",393,408,-15
2022-04-05,"GGD Flevoland",156,225,-69
2022-04-05,"GGD Fryslân",400,392,8
2022-04-05,"GGD Gelderland-Zuid",184,367,-183
2022-04-05,"GGD Gooi en Vechtstreek",138,139,-1
2022-04-05,"GGD Groningen",578,551,27
2022-04-05,"GGD Haaglanden",869,847,22
2022-04-05,"GGD Hart voor Brabant",455,484,-29
2022-04-05,"GGD Hollands-Midden",657,636,21
2022-04-05,"GGD Hollands-Noorden",341,387,-46
2022-04-05,"GGD IJsselland",410,497,-87
2022-04-05,"GGD Kennemerland",312,448,-136
2022-04-05,"GGD Limburg-Noord",245,240,5
2022-04-05,"GGD Noord- en Oost-Gelderland",609,700,-91
2022-04-05,"GGD Regio Utrecht",1127,1090,37
2022-04-05,"GGD Rotterdam-Rijnmond",804,794,10
2022-04-05,"GGD Twente",440,492,-52
2022-04-05,"GGD West-Brabant",238,399,-161
2022-04-05,"GGD Zaanstreek/Waterland",235,239,-4
2022-04-05,"GGD Zeeland",159,284,-125
2022-04-05,"GGD Zuid-Limburg",182,210,-28
2022-04-05,"Veiligheids- en Gezondheidsregio Gelderland-Midden",437,491,-54
2022-04-06,"Dienst Gezondheid & Jeugd ZHZ",343,11,332
2022-04-06,"GGD Amsterdam",561,24,537
2022-04-06,"GGD Brabant-Zuidoost",478,142,336
2022-04-06,"GGD Drenthe",403,31,372
2022-04-06,"GGD Flevoland",285,23,262
2022-04-06,"GGD Gelderland-Zuid",355,8,347
2022-04-06,"GGD Gooi en Vechtstreek",154,28,126
2022-04-06,"GGD Haaglanden",889,1,888
2022-04-06,"GGD Hart voor Brabant",596,20,576
2022-04-06,"GGD Hollands-Midden",685,63,622
2022-04-06,"GGD Hollands-Noorden",318,19,299
2022-04-06,"GGD IJsselland",501,3,498
2022-04-06,"GGD Kennemerland",384,14,370
2022-04-06,"GGD Limburg-Noord",246,17,229
2022-04-06,"GGD Noord- en Oost-Gelderland",709,26,683
2022-04-06,"GGD Regio Utrecht",1099,106,993
2022-04-06,"GGD Rotterdam-Rijnmond",971,51,920
2022-04-06,"GGD Twente",486,20,466
2022-04-06,"GGD Zaanstreek/Waterland",302,43,259
2022-04-06,"GGD Zuid-Limburg",291,24,267
2022-04-06,"Veiligheids- en Gezondheidsregio Gelderland-Midden",510,32,478
