"Date_statistics","Municipal_health_service","cases.today","cases.yesterday","diff"
2020-06-27,"Dienst Gezondheid & Jeugd ZHZ",3,2,1
2020-07-18,"GGD Haaglanden",25,24,1
2020-07-23,"GGD Hart voor Brabant",5,4,1
2021-01-04,"GGD Zaanstreek/Waterland",167,166,1
2021-05-25,"GGD Hollands-Midden",155,154,1
2021-06-18,"Dienst Gezondheid & Jeugd ZHZ",38,37,1
2021-06-19,"GGD Regio Utrecht",52,53,-1
2021-06-26,"GGD Regio Utrecht",40,39,1
2021-06-27,"Dienst Gezondheid & Jeugd ZHZ",20,19,1
2021-06-28,"Dienst Gezondheid & Jeugd ZHZ",18,17,1
2021-06-28,"GGD Hart voor Brabant",44,43,1
2021-06-29,"Dienst Gezondheid & Jeugd ZHZ",24,23,1
2021-07-01,"Dienst Gezondheid & Jeugd ZHZ",32,33,-1
2021-07-01,"GGD Amsterdam",231,230,1
2021-07-01,"GGD Rotterdam-Rijnmond",131,130,1
2021-07-01,"GGD Zuid-Limburg",32,31,1
2021-07-02,"GGD Regio Utrecht",113,114,-1
2021-07-03,"Dienst Gezondheid & Jeugd ZHZ",21,17,4
2021-07-04,"Dienst Gezondheid & Jeugd ZHZ",28,29,-1
2021-07-04,"GGD Regio Utrecht",346,345,1
2021-07-05,"Dienst Gezondheid & Jeugd ZHZ",56,59,-3
2021-07-05,"GGD Amsterdam",1240,1239,1
2021-07-05,"GGD Kennemerland",304,303,1
2021-07-05,"GGD Regio Utrecht",699,698,1
2021-07-05,"GGD Twente",201,200,1
2021-07-06,"Dienst Gezondheid & Jeugd ZHZ",125,127,-2
2021-07-06,"GGD Flevoland",115,114,1
2021-07-06,"GGD Groningen",682,681,1
2021-07-06,"GGD Haaglanden",568,567,1
2021-07-06,"GGD Regio Utrecht",1045,1044,1
2021-07-07,"GGD Amsterdam",1437,1436,1
2021-07-07,"GGD Hollands-Midden",546,544,2
2021-07-07,"GGD Kennemerland",414,413,1
2021-07-07,"GGD Regio Utrecht",1059,1056,3
2021-07-08,"GGD Amsterdam",1226,1227,-1
2021-07-08,"GGD Brabant-Zuidoost",277,276,1
2021-07-08,"GGD Gooi en Vechtstreek",201,199,2
2021-07-08,"GGD Hart voor Brabant",335,334,1
2021-07-08,"GGD Regio Utrecht",1030,1035,-5
2021-07-09,"Dienst Gezondheid & Jeugd ZHZ",138,139,-1
2021-07-09,"GGD Amsterdam",1164,1163,1
2021-07-09,"GGD Gelderland-Zuid",256,254,2
2021-07-09,"GGD Groningen",534,533,1
2021-07-09,"GGD Hollands-Noorden",283,282,1
2021-07-09,"GGD Regio Utrecht",995,997,-2
2021-07-09,"GGD West-Brabant",428,427,1
2021-07-09,"Veiligheids- en Gezondheidsregio Gelderland-Midden",195,194,1
2021-07-10,"Dienst Gezondheid & Jeugd ZHZ",143,142,1
2021-07-10,"GGD Groningen",500,497,3
2021-07-10,"GGD Haaglanden",627,626,1
2021-07-10,"GGD Rotterdam-Rijnmond",836,835,1
2021-07-10,"GGD Zaanstreek/Waterland",196,195,1
2021-07-10,"Veiligheids- en Gezondheidsregio Gelderland-Midden",285,284,1
2021-07-11,"GGD Amsterdam",1304,1300,4
2021-07-11,"GGD Brabant-Zuidoost",284,282,2
2021-07-11,"GGD Fryslân",258,257,1
2021-07-11,"GGD Gooi en Vechtstreek",186,185,1
2021-07-11,"GGD Groningen",526,524,2
2021-07-11,"GGD IJsselland",218,217,1
2021-07-11,"GGD Kennemerland",406,405,1
2021-07-11,"GGD Noord- en Oost-Gelderland",335,334,1
2021-07-11,"GGD Regio Utrecht",869,867,2
2021-07-11,"GGD Rotterdam-Rijnmond",873,872,1
2021-07-11,"GGD West-Brabant",470,469,1
2021-07-12,"Dienst Gezondheid & Jeugd ZHZ",189,188,1
2021-07-12,"GGD Amsterdam",1557,1551,6
2021-07-12,"GGD Brabant-Zuidoost",295,293,2
2021-07-12,"GGD Flevoland",173,171,2
2021-07-12,"GGD Gelderland-Zuid",437,436,1
2021-07-12,"GGD Gooi en Vechtstreek",186,185,1
2021-07-12,"GGD Groningen",469,467,2
2021-07-12,"GGD Haaglanden",744,742,2
2021-07-12,"GGD Hart voor Brabant",685,684,1
2021-07-12,"GGD Hollands-Midden",498,497,1
2021-07-12,"GGD Hollands-Noorden",448,447,1
2021-07-12,"GGD IJsselland",280,278,2
2021-07-12,"GGD Kennemerland",463,461,2
2021-07-12,"GGD Rotterdam-Rijnmond",1205,1200,5
2021-07-12,"GGD Zaanstreek/Waterland",247,245,2
2021-07-12,"Veiligheids- en Gezondheidsregio Gelderland-Midden",406,405,1
2021-07-13,"GGD Amsterdam",1322,1319,3
2021-07-13,"GGD Brabant-Zuidoost",213,212,1
2021-07-13,"GGD Groningen",381,380,1
2021-07-13,"GGD Haaglanden",678,677,1
2021-07-13,"GGD Hart voor Brabant",628,627,1
2021-07-13,"GGD Hollands-Midden",465,463,2
2021-07-13,"GGD Hollands-Noorden",474,472,2
2021-07-13,"GGD IJsselland",240,239,1
2021-07-13,"GGD Kennemerland",445,443,2
2021-07-13,"GGD Limburg-Noord",215,213,2
2021-07-13,"GGD Regio Utrecht",819,816,3
2021-07-13,"GGD Rotterdam-Rijnmond",1166,1164,2
2021-07-13,"GGD Twente",411,409,2
2021-07-13,"GGD West-Brabant",536,534,2
2021-07-13,"GGD Zuid-Limburg",289,288,1
2021-07-13,"Veiligheids- en Gezondheidsregio Gelderland-Midden",400,399,1
2021-07-14,"Dienst Gezondheid & Jeugd ZHZ",222,221,1
2021-07-14,"GGD Amsterdam",1061,1054,7
2021-07-14,"GGD Brabant-Zuidoost",288,285,3
2021-07-14,"GGD Flevoland",156,153,3
2021-07-14,"GGD Gelderland-Zuid",424,423,1
2021-07-14,"GGD Groningen",315,314,1
2021-07-14,"GGD Haaglanden",551,550,1
2021-07-14,"GGD Hart voor Brabant",542,539,3
2021-07-14,"GGD Hollands-Midden",401,400,1
2021-07-14,"GGD IJsselland",218,216,2
2021-07-14,"GGD Regio Utrecht",751,749,2
2021-07-14,"GGD Rotterdam-Rijnmond",1021,1017,4
2021-07-14,"GGD Twente",337,336,1
2021-07-14,"GGD Zaanstreek/Waterland",209,207,2
2021-07-14,"GGD Zeeland",140,139,1
2021-07-15,"Dienst Gezondheid & Jeugd ZHZ",181,179,2
2021-07-15,"GGD Amsterdam",885,877,8
2021-07-15,"GGD Brabant-Zuidoost",527,526,1
2021-07-15,"GGD Fryslân",194,193,1
2021-07-15,"GGD Gelderland-Zuid",324,320,4
2021-07-15,"GGD Gooi en Vechtstreek",156,155,1
2021-07-15,"GGD Groningen",231,228,3
2021-07-15,"GGD Haaglanden",472,470,2
2021-07-15,"GGD Hart voor Brabant",546,543,3
2021-07-15,"GGD Hollands-Midden",364,363,1
2021-07-15,"GGD Hollands-Noorden",269,268,1
2021-07-15,"GGD IJsselland",206,205,1
2021-07-15,"GGD Kennemerland",337,334,3
2021-07-15,"GGD Limburg-Noord",222,221,1
2021-07-15,"GGD Regio Utrecht",733,728,5
2021-07-15,"GGD Rotterdam-Rijnmond",938,937,1
2021-07-15,"GGD Twente",275,274,1
2021-07-15,"GGD Zaanstreek/Waterland",161,157,4
2021-07-15,"GGD Zeeland",112,111,1
2021-07-15,"GGD Zuid-Limburg",201,200,1
2021-07-15,"Veiligheids- en Gezondheidsregio Gelderland-Midden",316,315,1
2021-07-16,"Dienst Gezondheid & Jeugd ZHZ",151,152,-1
2021-07-16,"GGD Amsterdam",703,691,12
2021-07-16,"GGD Brabant-Zuidoost",450,451,-1
2021-07-16,"GGD Drenthe",111,109,2
2021-07-16,"GGD Flevoland",137,134,3
2021-07-16,"GGD Fryslân",183,182,1
2021-07-16,"GGD Gelderland-Zuid",249,250,-1
2021-07-16,"GGD Haaglanden",407,405,2
2021-07-16,"GGD Hart voor Brabant",504,499,5
2021-07-16,"GGD Hollands-Midden",329,324,5
2021-07-16,"GGD Hollands-Noorden",275,270,5
2021-07-16,"GGD IJsselland",173,171,2
2021-07-16,"GGD Kennemerland",325,321,4
2021-07-16,"GGD Limburg-Noord",208,206,2
2021-07-16,"GGD Noord- en Oost-Gelderland",314,310,4
2021-07-16,"GGD Regio Utrecht",671,668,3
2021-07-16,"GGD Rotterdam-Rijnmond",744,739,5
2021-07-16,"GGD Twente",262,260,2
2021-07-16,"GGD West-Brabant",370,369,1
2021-07-16,"GGD Zaanstreek/Waterland",152,150,2
2021-07-16,"GGD Zeeland",95,94,1
2021-07-16,"GGD Zuid-Limburg",207,205,2
2021-07-16,"Veiligheids- en Gezondheidsregio Gelderland-Midden",293,290,3
2021-07-17,"Dienst Gezondheid & Jeugd ZHZ",160,156,4
2021-07-17,"GGD Amsterdam",607,595,12
2021-07-17,"GGD Drenthe",88,86,2
2021-07-17,"GGD Flevoland",126,125,1
2021-07-17,"GGD Fryslân",156,154,2
2021-07-17,"GGD Gelderland-Zuid",235,234,1
2021-07-17,"GGD Gooi en Vechtstreek",121,122,-1
2021-07-17,"GGD Groningen",210,209,1
2021-07-17,"GGD Haaglanden",429,427,2
2021-07-17,"GGD Hart voor Brabant",441,433,8
2021-07-17,"GGD Hollands-Midden",308,300,8
2021-07-17,"GGD Hollands-Noorden",298,289,9
2021-07-17,"GGD IJsselland",165,163,2
2021-07-17,"GGD Kennemerland",257,255,2
2021-07-17,"GGD Limburg-Noord",169,168,1
2021-07-17,"GGD Noord- en Oost-Gelderland",299,296,3
2021-07-17,"GGD Regio Utrecht",598,593,5
2021-07-17,"GGD Rotterdam-Rijnmond",648,640,8
2021-07-17,"GGD West-Brabant",321,320,1
2021-07-17,"GGD Zaanstreek/Waterland",151,147,4
2021-07-17,"GGD Zeeland",87,86,1
2021-07-17,"Veiligheids- en Gezondheidsregio Gelderland-Midden",236,229,7
2021-07-18,"Dienst Gezondheid & Jeugd ZHZ",115,116,-1
2021-07-18,"GGD Amsterdam",522,506,16
2021-07-18,"GGD Drenthe",87,84,3
2021-07-18,"GGD Flevoland",106,104,2
2021-07-18,"GGD Fryslân",143,142,1
2021-07-18,"GGD Gelderland-Zuid",232,226,6
2021-07-18,"GGD Gooi en Vechtstreek",128,123,5
2021-07-18,"GGD Groningen",191,192,-1
2021-07-18,"GGD Haaglanden",413,405,8
2021-07-18,"GGD Hart voor Brabant",408,398,10
2021-07-18,"GGD Hollands-Midden",284,283,1
2021-07-18,"GGD IJsselland",158,154,4
2021-07-18,"GGD Kennemerland",195,191,4
2021-07-18,"GGD Limburg-Noord",177,175,2
2021-07-18,"GGD Noord- en Oost-Gelderland",235,233,2
2021-07-18,"GGD Regio Utrecht",501,488,13
2021-07-18,"GGD Rotterdam-Rijnmond",600,580,20
2021-07-18,"GGD Twente",246,241,5
2021-07-18,"GGD West-Brabant",335,332,3
2021-07-18,"GGD Zaanstreek/Waterland",117,111,6
2021-07-18,"GGD Zeeland",79,78,1
2021-07-18,"GGD Zuid-Limburg",236,229,7
2021-07-18,"Veiligheids- en Gezondheidsregio Gelderland-Midden",195,190,5
2021-07-19,"Dienst Gezondheid & Jeugd ZHZ",118,114,4
2021-07-19,"GGD Amsterdam",497,471,26
2021-07-19,"GGD Brabant-Zuidoost",277,269,8
2021-07-19,"GGD Drenthe",74,70,4
2021-07-19,"GGD Flevoland",132,124,8
2021-07-19,"GGD Fryslân",124,116,8
2021-07-19,"GGD Gelderland-Zuid",213,209,4
2021-07-19,"GGD Gooi en Vechtstreek",105,102,3
2021-07-19,"GGD Groningen",159,150,9
2021-07-19,"GGD Haaglanden",322,307,15
2021-07-19,"GGD Hart voor Brabant",413,391,22
2021-07-19,"GGD Hollands-Midden",231,227,4
2021-07-19,"GGD Hollands-Noorden",217,206,11
2021-07-19,"GGD IJsselland",132,130,2
2021-07-19,"GGD Kennemerland",239,227,12
2021-07-19,"GGD Limburg-Noord",175,169,6
2021-07-19,"GGD Noord- en Oost-Gelderland",223,217,6
2021-07-19,"GGD Regio Utrecht",477,456,21
2021-07-19,"GGD Rotterdam-Rijnmond",573,557,16
2021-07-19,"GGD Twente",196,184,12
2021-07-19,"GGD West-Brabant",307,302,5
2021-07-19,"GGD Zaanstreek/Waterland",113,107,6
2021-07-19,"GGD Zuid-Limburg",231,224,7
2021-07-19,"Veiligheids- en Gezondheidsregio Gelderland-Midden",240,219,21
2021-07-20,"Dienst Gezondheid & Jeugd ZHZ",112,105,7
2021-07-20,"GGD Amsterdam",453,414,39
2021-07-20,"GGD Brabant-Zuidoost",323,305,18
2021-07-20,"GGD Drenthe",77,74,3
2021-07-20,"GGD Flevoland",114,102,12
2021-07-20,"GGD Fryslân",126,112,14
2021-07-20,"GGD Gelderland-Zuid",156,145,11
2021-07-20,"GGD Gooi en Vechtstreek",83,76,7
2021-07-20,"GGD Groningen",147,137,10
2021-07-20,"GGD Haaglanden",278,253,25
2021-07-20,"GGD Hart voor Brabant",386,358,28
2021-07-20,"GGD Hollands-Midden",237,229,8
2021-07-20,"GGD Hollands-Noorden",210,188,22
2021-07-20,"GGD IJsselland",114,106,8
2021-07-20,"GGD Kennemerland",175,160,15
2021-07-20,"GGD Limburg-Noord",129,120,9
2021-07-20,"GGD Noord- en Oost-Gelderland",231,217,14
2021-07-20,"GGD Regio Utrecht",370,351,19
2021-07-20,"GGD Rotterdam-Rijnmond",515,472,43
2021-07-20,"GGD Twente",182,176,6
2021-07-20,"GGD West-Brabant",234,220,14
2021-07-20,"GGD Zaanstreek/Waterland",90,86,4
2021-07-20,"GGD Zeeland",72,68,4
2021-07-20,"GGD Zuid-Limburg",170,159,11
2021-07-20,"Veiligheids- en Gezondheidsregio Gelderland-Midden",161,142,19
2021-07-21,"Dienst Gezondheid & Jeugd ZHZ",79,63,16
2021-07-21,"GGD Amsterdam",330,292,38
2021-07-21,"GGD Brabant-Zuidoost",279,254,25
2021-07-21,"GGD Drenthe",52,48,4
2021-07-21,"GGD Flevoland",89,76,13
2021-07-21,"GGD Fryslân",96,81,15
2021-07-21,"GGD Gelderland-Zuid",149,135,14
2021-07-21,"GGD Gooi en Vechtstreek",62,59,3
2021-07-21,"GGD Groningen",109,91,18
2021-07-21,"GGD Haaglanden",267,232,35
2021-07-21,"GGD Hart voor Brabant",326,284,42
2021-07-21,"GGD Hollands-Midden",199,183,16
2021-07-21,"GGD Hollands-Noorden",153,129,24
2021-07-21,"GGD IJsselland",82,72,10
2021-07-21,"GGD Kennemerland",129,107,22
2021-07-21,"GGD Limburg-Noord",134,118,16
2021-07-21,"GGD Noord- en Oost-Gelderland",158,133,25
2021-07-21,"GGD Regio Utrecht",349,333,16
2021-07-21,"GGD Rotterdam-Rijnmond",439,390,49
2021-07-21,"GGD Twente",134,114,20
2021-07-21,"GGD West-Brabant",214,195,19
2021-07-21,"GGD Zaanstreek/Waterland",78,60,18
2021-07-21,"GGD Zeeland",67,60,7
2021-07-21,"GGD Zuid-Limburg",165,147,18
2021-07-21,"Veiligheids- en Gezondheidsregio Gelderland-Midden",130,107,23
2021-07-22,"Dienst Gezondheid & Jeugd ZHZ",93,87,6
2021-07-22,"GGD Amsterdam",278,252,26
2021-07-22,"GGD Brabant-Zuidoost",247,207,40
2021-07-22,"GGD Drenthe",62,50,12
2021-07-22,"GGD Flevoland",61,41,20
2021-07-22,"GGD Fryslân",85,63,22
2021-07-22,"GGD Gelderland-Zuid",141,121,20
2021-07-22,"GGD Gooi en Vechtstreek",58,46,12
2021-07-22,"GGD Groningen",73,61,12
2021-07-22,"GGD Haaglanden",188,143,45
2021-07-22,"GGD Hart voor Brabant",289,252,37
2021-07-22,"GGD Hollands-Midden",126,102,24
2021-07-22,"GGD Hollands-Noorden",108,90,18
2021-07-22,"GGD IJsselland",70,50,20
2021-07-22,"GGD Kennemerland",138,121,17
2021-07-22,"GGD Limburg-Noord",124,94,30
2021-07-22,"GGD Noord- en Oost-Gelderland",119,95,24
2021-07-22,"GGD Regio Utrecht",280,249,31
2021-07-22,"GGD Rotterdam-Rijnmond",326,280,46
2021-07-22,"GGD Twente",103,89,14
2021-07-22,"GGD West-Brabant",141,119,22
2021-07-22,"GGD Zaanstreek/Waterland",55,62,-7
2021-07-22,"GGD Zeeland",35,29,6
2021-07-22,"GGD Zuid-Limburg",141,117,24
2021-07-22,"Veiligheids- en Gezondheidsregio Gelderland-Midden",139,105,34
2021-07-23,"Dienst Gezondheid & Jeugd ZHZ",65,74,-9
2021-07-23,"GGD Amsterdam",207,252,-45
2021-07-23,"GGD Brabant-Zuidoost",114,85,29
2021-07-23,"GGD Drenthe",35,27,8
2021-07-23,"GGD Flevoland",52,39,13
2021-07-23,"GGD Fryslân",66,47,19
2021-07-23,"GGD Gelderland-Zuid",86,67,19
2021-07-23,"GGD Gooi en Vechtstreek",42,26,16
2021-07-23,"GGD Groningen",63,50,13
2021-07-23,"GGD Haaglanden",173,128,45
2021-07-23,"GGD Hart voor Brabant",192,195,-3
2021-07-23,"GGD Hollands-Midden",124,103,21
2021-07-23,"GGD Hollands-Noorden",68,54,14
2021-07-23,"GGD IJsselland",39,35,4
2021-07-23,"GGD Kennemerland",91,64,27
2021-07-23,"GGD Limburg-Noord",69,43,26
2021-07-23,"GGD Noord- en Oost-Gelderland",103,111,-8
2021-07-23,"GGD Regio Utrecht",199,162,37
2021-07-23,"GGD Rotterdam-Rijnmond",263,256,7
2021-07-23,"GGD Twente",94,68,26
2021-07-23,"GGD West-Brabant",114,77,37
2021-07-23,"GGD Zaanstreek/Waterland",51,47,4
2021-07-23,"GGD Zeeland",44,45,-1
2021-07-23,"GGD Zuid-Limburg",80,62,18
2021-07-23,"Veiligheids- en Gezondheidsregio Gelderland-Midden",114,120,-6
2021-07-24,"Dienst Gezondheid & Jeugd ZHZ",45,51,-6
2021-07-24,"GGD Amsterdam",157,211,-54
2021-07-24,"GGD Brabant-Zuidoost",76,134,-58
2021-07-24,"GGD Drenthe",15,10,5
2021-07-24,"GGD Flevoland",37,34,3
2021-07-24,"GGD Fryslân",38,23,15
2021-07-24,"GGD Gelderland-Zuid",38,43,-5
2021-07-24,"GGD Gooi en Vechtstreek",20,15,5
2021-07-24,"GGD Groningen",40,59,-19
2021-07-24,"GGD Haaglanden",97,115,-18
2021-07-24,"GGD Hart voor Brabant",101,133,-32
2021-07-24,"GGD Hollands-Midden",72,69,3
2021-07-24,"GGD Hollands-Noorden",41,29,12
2021-07-24,"GGD IJsselland",25,24,1
2021-07-24,"GGD Kennemerland",51,81,-30
2021-07-24,"GGD Limburg-Noord",26,12,14
2021-07-24,"GGD Noord- en Oost-Gelderland",122,171,-49
2021-07-24,"GGD Regio Utrecht",124,167,-43
2021-07-24,"GGD Rotterdam-Rijnmond",161,122,39
2021-07-24,"GGD Twente",53,26,27
2021-07-24,"GGD West-Brabant",68,28,40
2021-07-24,"GGD Zaanstreek/Waterland",34,71,-37
2021-07-24,"GGD Zeeland",31,3,28
2021-07-24,"GGD Zuid-Limburg",51,53,-2
2021-07-24,"Veiligheids- en Gezondheidsregio Gelderland-Midden",79,154,-75
2021-07-25,"Dienst Gezondheid & Jeugd ZHZ",45,6,39
2021-07-25,"GGD Amsterdam",236,3,233
2021-07-25,"GGD Brabant-Zuidoost",65,10,55
2021-07-25,"GGD Flevoland",25,1,24
2021-07-25,"GGD Fryslân",14,1,13
2021-07-25,"GGD Gelderland-Zuid",75,67,8
2021-07-25,"GGD Groningen",44,39,5
2021-07-25,"GGD Haaglanden",136,18,118
2021-07-25,"GGD Hart voor Brabant",226,89,137
2021-07-25,"GGD Hollands-Midden",67,23,44
2021-07-25,"GGD IJsselland",36,21,15
2021-07-25,"GGD Kennemerland",97,36,61
2021-07-25,"GGD Noord- en Oost-Gelderland",140,36,104
2021-07-25,"GGD Regio Utrecht",109,44,65
2021-07-25,"GGD Rotterdam-Rijnmond",127,45,82
2021-07-25,"GGD Twente",32,7,25
2021-07-25,"GGD Zaanstreek/Waterland",62,3,59
2021-07-25,"GGD Zuid-Limburg",53,9,44
2021-07-25,"Veiligheids- en Gezondheidsregio Gelderland-Midden",100,38,62
