"Date_statistics","Municipal_health_service","cases.today","cases.yesterday","diff"
2022-01-17,"GGD Gooi en Vechtstreek",722,721,1
2022-01-18,"GGD Gooi en Vechtstreek",915,914,1
2022-01-19,"GGD Gooi en Vechtstreek",1175,1172,3
2022-01-20,"GGD Gooi en Vechtstreek",1058,1056,2
2022-01-21,"GGD Gooi en Vechtstreek",1293,1290,3
2022-01-22,"GGD Gooi en Vechtstreek",1285,1288,-3
2022-01-23,"GGD Gooi en Vechtstreek",962,960,2
2022-01-24,"GGD Gooi en Vechtstreek",1203,1206,-3
2022-01-24,"GGD Hollands-Midden",3615,3616,-1
2022-01-26,"GGD Gooi en Vechtstreek",1211,1212,-1
2022-01-27,"GGD Gooi en Vechtstreek",1256,1253,3
2022-01-28,"GGD Gooi en Vechtstreek",1340,1342,-2
2022-01-28,"GGD Hollands-Midden",4224,4223,1
2022-01-29,"GGD Gooi en Vechtstreek",1288,1291,-3
2022-01-30,"GGD Gooi en Vechtstreek",1321,1320,1
2022-01-30,"GGD Groningen",2344,2345,-1
2022-01-31,"GGD Gooi en Vechtstreek",1263,1264,-1
2022-02-02,"GGD Gooi en Vechtstreek",1268,1269,-1
2022-02-03,"GGD Amsterdam",4515,4516,-1
2022-02-03,"GGD Gooi en Vechtstreek",1383,1380,3
2022-02-03,"GGD Groningen",2553,2552,1
2022-02-04,"GGD Gooi en Vechtstreek",1422,1419,3
2022-02-05,"GGD Gooi en Vechtstreek",1100,1105,-5
2022-02-06,"GGD Gooi en Vechtstreek",1038,1035,3
2022-02-07,"GGD Limburg-Noord",1923,1924,-1
2022-02-08,"GGD Gooi en Vechtstreek",998,997,1
2022-02-09,"GGD Amsterdam",5176,5175,1
2022-02-09,"GGD Gooi en Vechtstreek",1034,1035,-1
2022-02-09,"GGD Limburg-Noord",2351,2350,1
2022-02-10,"GGD Gooi en Vechtstreek",1141,1144,-3
2022-02-11,"GGD Gooi en Vechtstreek",698,697,1
2022-02-12,"GGD Gooi en Vechtstreek",625,624,1
2022-02-12,"GGD Twente",2500,2501,-1
2022-02-13,"GGD Gooi en Vechtstreek",764,766,-2
2022-02-13,"GGD Twente",2688,2687,1
2022-02-15,"GGD Flevoland",1236,1235,1
2022-02-15,"GGD Gooi en Vechtstreek",603,601,2
2022-02-16,"GGD Flevoland",952,953,-1
2022-02-16,"GGD Gooi en Vechtstreek",804,805,-1
2022-02-17,"GGD Gooi en Vechtstreek",589,591,-2
2022-02-18,"GGD Gooi en Vechtstreek",428,425,3
2022-02-19,"GGD Gooi en Vechtstreek",305,303,2
2022-02-20,"GGD Gooi en Vechtstreek",361,362,-1
2022-02-21,"GGD Gooi en Vechtstreek",318,319,-1
2022-02-22,"GGD Gooi en Vechtstreek",302,304,-2
2022-02-23,"GGD Gooi en Vechtstreek",466,469,-3
2022-02-23,"GGD IJsselland",1366,1368,-2
2022-02-25,"GGD Gooi en Vechtstreek",425,426,-1
2022-02-25,"GGD IJsselland",1516,1515,1
2022-02-26,"GGD IJsselland",1277,1276,1
2022-03-01,"GGD Gooi en Vechtstreek",591,590,1
2022-03-02,"GGD Gooi en Vechtstreek",462,461,1
2022-03-05,"GGD Gooi en Vechtstreek",539,540,-1
2022-03-07,"GGD Gooi en Vechtstreek",713,712,1
2022-03-07,"GGD IJsselland",1876,1877,-1
2022-03-08,"GGD Gooi en Vechtstreek",771,774,-3
2022-03-09,"GGD Gooi en Vechtstreek",794,793,1
2022-03-12,"GGD IJsselland",2027,2028,-1
2022-03-13,"GGD IJsselland",2185,2184,1
2022-03-20,"GGD IJsselland",1398,1397,1
2022-05-06,"GGD Gooi en Vechtstreek",35,34,1
2022-05-09,"GGD Gooi en Vechtstreek",26,27,-1
2022-06-30,"Veiligheids- en Gezondheidsregio Gelderland-Midden",239,238,1
2022-07-06,"GGD Gelderland-Zuid",281,280,1
2022-07-11,"GGD Fryslân",197,196,1
2022-07-13,"Veiligheids- en Gezondheidsregio Gelderland-Midden",287,286,1
2022-07-31,"Dienst Gezondheid & Jeugd ZHZ",25,26,-1
2022-08-01,"GGD Fryslân",73,74,-1
2022-08-05,"GGD Regio Utrecht",190,189,1
2022-08-10,"GGD Twente",65,64,1
2022-08-17,"GGD Regio Utrecht",105,104,1
2022-08-18,"GGD Twente",40,39,1
2022-08-20,"GGD Zuid-Limburg",45,44,1
2022-08-21,"GGD Hart voor Brabant",58,57,1
2022-08-21,"GGD Zuid-Limburg",47,48,-1
2022-08-22,"GGD Twente",53,52,1
2022-08-23,"GGD Twente",52,51,1
2022-08-24,"GGD Groningen",36,35,1
2022-08-24,"GGD Haaglanden",54,53,1
2022-08-26,"GGD Regio Utrecht",102,99,3
2022-08-26,"GGD Zuid-Limburg",33,32,1
2022-08-27,"Dienst Gezondheid & Jeugd ZHZ",19,18,1
2022-08-27,"GGD Fryslân",34,33,1
2022-08-27,"GGD Haaglanden",48,47,1
2022-08-27,"GGD Hart voor Brabant",77,76,1
2022-08-27,"GGD IJsselland",19,18,1
2022-08-28,"GGD Brabant-Zuidoost",17,16,1
2022-08-28,"GGD Gooi en Vechtstreek",13,12,1
2022-08-28,"GGD Groningen",22,21,1
2022-08-28,"GGD Haaglanden",41,40,1
2022-08-28,"GGD IJsselland",14,15,-1
2022-08-28,"GGD Regio Utrecht",50,49,1
2022-08-28,"Veiligheids- en Gezondheidsregio Gelderland-Midden",31,30,1
2022-08-29,"GGD Amsterdam",72,71,1
2022-08-29,"GGD Brabant-Zuidoost",24,25,-1
2022-08-29,"GGD Gelderland-Zuid",26,25,1
2022-08-29,"GGD Hart voor Brabant",59,57,2
2022-08-29,"GGD IJsselland",32,31,1
2022-08-29,"GGD Noord- en Oost-Gelderland",45,44,1
2022-08-29,"GGD Rotterdam-Rijnmond",43,42,1
2022-08-29,"GGD Twente",39,38,1
2022-08-29,"GGD Zuid-Limburg",37,36,1
2022-08-29,"Veiligheids- en Gezondheidsregio Gelderland-Midden",33,32,1
2022-08-30,"GGD Fryslân",43,40,3
2022-08-30,"GGD Gooi en Vechtstreek",12,11,1
2022-08-30,"GGD Haaglanden",56,54,2
2022-08-30,"GGD Hart voor Brabant",45,43,2
2022-08-30,"GGD IJsselland",33,34,-1
2022-08-30,"GGD Limburg-Noord",38,37,1
2022-08-30,"GGD Rotterdam-Rijnmond",55,53,2
2022-08-30,"GGD Zaanstreek/Waterland",17,16,1
2022-08-31,"GGD Amsterdam",94,92,2
2022-08-31,"GGD Fryslân",30,27,3
2022-08-31,"GGD Gooi en Vechtstreek",10,9,1
2022-08-31,"GGD Groningen",33,32,1
2022-08-31,"GGD Haaglanden",56,57,-1
2022-08-31,"GGD Hart voor Brabant",66,65,1
2022-08-31,"GGD Hollands-Noorden",32,30,2
2022-08-31,"GGD IJsselland",56,58,-2
2022-08-31,"GGD Rotterdam-Rijnmond",83,82,1
2022-08-31,"GGD Twente",39,37,2
2022-08-31,"GGD West-Brabant",39,38,1
2022-08-31,"GGD Zaanstreek/Waterland",24,23,1
2022-08-31,"GGD Zuid-Limburg",45,44,1
2022-08-31,"Veiligheids- en Gezondheidsregio Gelderland-Midden",47,46,1
2022-09-01,"GGD Amsterdam",78,77,1
2022-09-01,"GGD Flevoland",31,30,1
2022-09-01,"GGD Gelderland-Zuid",27,22,5
2022-09-01,"GGD Gooi en Vechtstreek",14,15,-1
2022-09-01,"GGD Groningen",36,34,2
2022-09-01,"GGD Haaglanden",82,79,3
2022-09-01,"GGD Hart voor Brabant",73,69,4
2022-09-01,"GGD Hollands-Midden",63,62,1
2022-09-01,"GGD IJsselland",55,53,2
2022-09-01,"GGD Kennemerland",34,33,1
2022-09-01,"GGD Limburg-Noord",27,26,1
2022-09-01,"GGD Noord- en Oost-Gelderland",62,61,1
2022-09-01,"GGD Regio Utrecht",94,93,1
2022-09-01,"GGD Rotterdam-Rijnmond",82,78,4
2022-09-01,"GGD Twente",33,32,1
2022-09-01,"GGD West-Brabant",31,29,2
2022-09-01,"Veiligheids- en Gezondheidsregio Gelderland-Midden",51,49,2
2022-09-02,"GGD Amsterdam",79,77,2
2022-09-02,"GGD Fryslân",27,30,-3
2022-09-02,"GGD Gooi en Vechtstreek",24,23,1
2022-09-02,"GGD Haaglanden",58,54,4
2022-09-02,"GGD Hart voor Brabant",59,51,8
2022-09-02,"GGD Hollands-Midden",65,61,4
2022-09-02,"GGD Hollands-Noorden",28,25,3
2022-09-02,"GGD IJsselland",48,46,2
2022-09-02,"GGD Regio Utrecht",112,109,3
2022-09-02,"GGD Twente",46,43,3
2022-09-02,"GGD West-Brabant",44,41,3
2022-09-02,"GGD Zaanstreek/Waterland",25,24,1
2022-09-02,"GGD Zeeland",26,24,2
2022-09-02,"GGD Zuid-Limburg",25,22,3
2022-09-02,"Veiligheids- en Gezondheidsregio Gelderland-Midden",59,54,5
2022-09-03,"Dienst Gezondheid & Jeugd ZHZ",30,29,1
2022-09-03,"GGD Amsterdam",67,65,2
2022-09-03,"GGD Brabant-Zuidoost",50,49,1
2022-09-03,"GGD Drenthe",16,15,1
2022-09-03,"GGD Fryslân",26,25,1
2022-09-03,"GGD Gelderland-Zuid",24,16,8
2022-09-03,"GGD Gooi en Vechtstreek",17,16,1
2022-09-03,"GGD Groningen",24,22,2
2022-09-03,"GGD Haaglanden",59,54,5
2022-09-03,"GGD Hart voor Brabant",51,43,8
2022-09-03,"GGD Hollands-Midden",54,48,6
2022-09-03,"GGD Hollands-Noorden",31,28,3
2022-09-03,"GGD Limburg-Noord",45,43,2
2022-09-03,"GGD Noord- en Oost-Gelderland",46,44,2
2022-09-03,"GGD Regio Utrecht",68,66,2
2022-09-03,"GGD Rotterdam-Rijnmond",61,58,3
2022-09-03,"GGD Twente",22,19,3
2022-09-03,"GGD West-Brabant",35,29,6
2022-09-03,"GGD Zaanstreek/Waterland",16,13,3
2022-09-03,"GGD Zeeland",13,10,3
2022-09-03,"GGD Zuid-Limburg",38,35,3
2022-09-03,"Veiligheids- en Gezondheidsregio Gelderland-Midden",43,40,3
2022-09-04,"GGD Amsterdam",34,29,5
2022-09-04,"GGD Brabant-Zuidoost",16,13,3
2022-09-04,"GGD Drenthe",27,24,3
2022-09-04,"GGD Flevoland",25,24,1
2022-09-04,"GGD Fryslân",66,64,2
2022-09-04,"GGD Gelderland-Zuid",28,27,1
2022-09-04,"GGD Gooi en Vechtstreek",22,23,-1
2022-09-04,"GGD Groningen",31,28,3
2022-09-04,"GGD Haaglanden",74,62,12
2022-09-04,"GGD Hart voor Brabant",49,38,11
2022-09-04,"GGD Hollands-Midden",32,29,3
2022-09-04,"GGD Hollands-Noorden",15,11,4
2022-09-04,"GGD IJsselland",26,24,2
2022-09-04,"GGD Kennemerland",41,34,7
2022-09-04,"GGD Limburg-Noord",41,37,4
2022-09-04,"GGD Noord- en Oost-Gelderland",45,42,3
2022-09-04,"GGD Regio Utrecht",65,60,5
2022-09-04,"GGD Rotterdam-Rijnmond",55,50,5
2022-09-04,"GGD Twente",31,23,8
2022-09-04,"GGD West-Brabant",6,5,1
2022-09-04,"GGD Zaanstreek/Waterland",9,11,-2
2022-09-04,"GGD Zeeland",14,12,2
2022-09-04,"GGD Zuid-Limburg",30,27,3
2022-09-04,"Veiligheids- en Gezondheidsregio Gelderland-Midden",43,36,7
2022-09-05,"Dienst Gezondheid & Jeugd ZHZ",41,37,4
2022-09-05,"GGD Amsterdam",69,62,7
2022-09-05,"GGD Brabant-Zuidoost",49,41,8
2022-09-05,"GGD Drenthe",44,41,3
2022-09-05,"GGD Flevoland",37,32,5
2022-09-05,"GGD Fryslân",44,36,8
2022-09-05,"GGD Gelderland-Zuid",50,47,3
2022-09-05,"GGD Groningen",36,30,6
2022-09-05,"GGD Haaglanden",72,56,16
2022-09-05,"GGD Hart voor Brabant",50,55,-5
2022-09-05,"GGD Hollands-Midden",91,87,4
2022-09-05,"GGD Hollands-Noorden",41,30,11
2022-09-05,"GGD IJsselland",59,53,6
2022-09-05,"GGD Kennemerland",61,52,9
2022-09-05,"GGD Limburg-Noord",48,40,8
2022-09-05,"GGD Noord- en Oost-Gelderland",84,76,8
2022-09-05,"GGD Regio Utrecht",119,110,9
2022-09-05,"GGD Rotterdam-Rijnmond",86,70,16
2022-09-05,"GGD Twente",61,54,7
2022-09-05,"GGD West-Brabant",47,55,-8
2022-09-05,"GGD Zaanstreek/Waterland",30,24,6
2022-09-05,"GGD Zeeland",40,32,8
2022-09-05,"GGD Zuid-Limburg",50,41,9
2022-09-05,"Veiligheids- en Gezondheidsregio Gelderland-Midden",62,57,5
2022-09-06,"GGD Gelderland-Zuid",46,9,37
2022-09-06,"GGD Hollands-Midden",64,2,62
2022-09-06,"GGD IJsselland",64,3,61
2022-09-06,"GGD Rotterdam-Rijnmond",124,1,123
2022-09-06,"GGD Twente",44,1,43
2022-09-06,"Veiligheids- en Gezondheidsregio Gelderland-Midden",42,3,39
