"Date_statistics","Municipal_health_service","cases.today","cases.yesterday","diff"
2020-11-11,"GGD Rotterdam-Rijnmond",604,603,1
2021-01-30,"GGD Regio Utrecht",231,230,1
2021-04-13,"GGD Gooi en Vechtstreek",102,101,1
2021-06-21,"GGD Rotterdam-Rijnmond",82,81,1
2021-06-22,"GGD Rotterdam-Rijnmond",84,83,1
2021-06-23,"GGD Haaglanden",50,51,-1
2021-06-23,"GGD Rotterdam-Rijnmond",94,95,-1
2021-06-24,"GGD Haaglanden",30,29,1
2021-06-25,"GGD Regio Utrecht",38,37,1
2021-06-26,"GGD Rotterdam-Rijnmond",73,74,-1
2021-07-01,"GGD Flevoland",11,10,1
2021-07-01,"GGD Regio Utrecht",106,105,1
2021-07-02,"GGD Brabant-Zuidoost",53,52,1
2021-07-02,"GGD Zuid-Limburg",27,26,1
2021-07-03,"GGD Haaglanden",172,171,1
2021-07-04,"Dienst Gezondheid & Jeugd ZHZ",29,28,1
2021-07-04,"GGD Amsterdam",758,757,1
2021-07-04,"GGD Groningen",281,280,1
2021-07-04,"GGD Haaglanden",259,260,-1
2021-07-04,"GGD Regio Utrecht",346,347,-1
2021-07-05,"GGD Regio Utrecht",698,697,1
2021-07-06,"GGD Amsterdam",1620,1619,1
2021-07-07,"Dienst Gezondheid & Jeugd ZHZ",134,135,-1
2021-07-07,"GGD Amsterdam",1441,1440,1
2021-07-07,"GGD Brabant-Zuidoost",333,332,1
2021-07-07,"GGD Regio Utrecht",1058,1061,-3
2021-07-07,"GGD Zuid-Limburg",134,133,1
2021-07-08,"GGD Groningen",577,578,-1
2021-07-08,"GGD Haaglanden",566,567,-1
2021-07-08,"GGD Regio Utrecht",1029,1028,1
2021-07-09,"GGD Brabant-Zuidoost",317,316,1
2021-07-09,"GGD Hart voor Brabant",375,373,2
2021-07-09,"GGD Hollands-Midden",514,513,1
2021-07-09,"GGD Regio Utrecht",994,998,-4
2021-07-09,"GGD Twente",351,350,1
2021-07-10,"GGD Amsterdam",1166,1167,-1
2021-07-10,"GGD Gelderland-Zuid",289,288,1
2021-07-10,"GGD Hart voor Brabant",414,411,3
2021-07-10,"GGD Regio Utrecht",944,946,-2
2021-07-11,"GGD Amsterdam",1322,1321,1
2021-07-11,"GGD Haaglanden",673,672,1
2021-07-11,"GGD Hart voor Brabant",553,551,2
2021-07-11,"GGD Regio Utrecht",876,875,1
2021-07-11,"GGD Rotterdam-Rijnmond",876,875,1
2021-07-11,"GGD Twente",309,308,1
2021-07-11,"GGD West-Brabant",471,470,1
2021-07-12,"GGD Amsterdam",1581,1580,1
2021-07-12,"GGD Groningen",472,471,1
2021-07-12,"GGD Haaglanden",751,750,1
2021-07-12,"GGD Hart voor Brabant",698,694,4
2021-07-12,"GGD Rotterdam-Rijnmond",1208,1207,1
2021-07-13,"Dienst Gezondheid & Jeugd ZHZ",263,262,1
2021-07-13,"GGD Flevoland",177,174,3
2021-07-13,"GGD Gelderland-Zuid",659,658,1
2021-07-13,"GGD Hart voor Brabant",657,641,16
2021-07-13,"GGD Hollands-Noorden",479,478,1
2021-07-13,"GGD Limburg-Noord",216,215,1
2021-07-13,"GGD Regio Utrecht",841,842,-1
2021-07-13,"GGD Rotterdam-Rijnmond",1172,1170,2
2021-07-14,"GGD Amsterdam",1081,1077,4
2021-07-14,"GGD Flevoland",157,156,1
2021-07-14,"GGD Fryslân",253,252,1
2021-07-14,"GGD Haaglanden",552,553,-1
2021-07-14,"GGD Hart voor Brabant",536,533,3
2021-07-14,"GGD IJsselland",217,215,2
2021-07-14,"GGD Regio Utrecht",754,755,-1
2021-07-14,"GGD Rotterdam-Rijnmond",1026,1024,2
2021-07-14,"GGD Zuid-Limburg",267,266,1
2021-07-14,"Veiligheids- en Gezondheidsregio Gelderland-Midden",352,351,1
2021-07-15,"Dienst Gezondheid & Jeugd ZHZ",183,182,1
2021-07-15,"GGD Amsterdam",908,907,1
2021-07-15,"GGD Brabant-Zuidoost",537,536,1
2021-07-15,"GGD Hart voor Brabant",528,541,-13
2021-07-15,"GGD IJsselland",210,209,1
2021-07-15,"GGD Rotterdam-Rijnmond",953,952,1
2021-07-15,"Veiligheids- en Gezondheidsregio Gelderland-Midden",324,323,1
2021-07-16,"Dienst Gezondheid & Jeugd ZHZ",152,151,1
2021-07-16,"GGD Amsterdam",723,721,2
2021-07-16,"GGD Drenthe",114,112,2
2021-07-16,"GGD Flevoland",145,143,2
2021-07-16,"GGD Fryslân",188,187,1
2021-07-16,"GGD Gelderland-Zuid",255,254,1
2021-07-16,"GGD Groningen",310,306,4
2021-07-16,"GGD Haaglanden",413,412,1
2021-07-16,"GGD Hart voor Brabant",502,514,-12
2021-07-16,"GGD Hollands-Midden",332,331,1
2021-07-16,"GGD Hollands-Noorden",283,282,1
2021-07-16,"GGD IJsselland",173,170,3
2021-07-16,"GGD Regio Utrecht",666,670,-4
2021-07-16,"GGD Rotterdam-Rijnmond",765,762,3
2021-07-16,"GGD West-Brabant",372,371,1
2021-07-16,"GGD Zaanstreek/Waterland",153,151,2
2021-07-16,"GGD Zuid-Limburg",212,213,-1
2021-07-17,"GGD Amsterdam",626,622,4
2021-07-17,"GGD Brabant-Zuidoost",429,430,-1
2021-07-17,"GGD Drenthe",91,90,1
2021-07-17,"GGD Fryslân",156,157,-1
2021-07-17,"GGD Groningen",215,214,1
2021-07-17,"GGD Hart voor Brabant",452,446,6
2021-07-17,"GGD Hollands-Midden",310,311,-1
2021-07-17,"GGD Hollands-Noorden",305,303,2
2021-07-17,"GGD Regio Utrecht",602,605,-3
2021-07-17,"GGD Rotterdam-Rijnmond",668,664,4
2021-07-17,"GGD Zaanstreek/Waterland",155,154,1
2021-07-18,"GGD Amsterdam",560,559,1
2021-07-18,"GGD Brabant-Zuidoost",397,395,2
2021-07-18,"GGD Drenthe",89,88,1
2021-07-18,"GGD Flevoland",110,108,2
2021-07-18,"GGD Fryslân",149,148,1
2021-07-18,"GGD Groningen",199,200,-1
2021-07-18,"GGD Haaglanden",431,429,2
2021-07-18,"GGD Hart voor Brabant",426,419,7
2021-07-18,"GGD Hollands-Noorden",236,235,1
2021-07-18,"GGD IJsselland",170,168,2
2021-07-18,"GGD Kennemerland",210,208,2
2021-07-18,"GGD Limburg-Noord",180,179,1
2021-07-18,"GGD Noord- en Oost-Gelderland",240,239,1
2021-07-18,"GGD West-Brabant",338,339,-1
2021-07-18,"GGD Zaanstreek/Waterland",126,124,2
2021-07-18,"Veiligheids- en Gezondheidsregio Gelderland-Midden",198,197,1
2021-07-19,"GGD Amsterdam",547,545,2
2021-07-19,"GGD Brabant-Zuidoost",290,287,3
2021-07-19,"GGD Drenthe",80,79,1
2021-07-19,"GGD Flevoland",135,134,1
2021-07-19,"GGD Gelderland-Zuid",220,219,1
2021-07-19,"GGD Gooi en Vechtstreek",118,116,2
2021-07-19,"GGD Haaglanden",344,341,3
2021-07-19,"GGD Hart voor Brabant",437,432,5
2021-07-19,"GGD IJsselland",142,139,3
2021-07-19,"GGD Kennemerland",253,250,3
2021-07-19,"GGD Limburg-Noord",191,190,1
2021-07-19,"GGD Noord- en Oost-Gelderland",244,243,1
2021-07-19,"GGD Regio Utrecht",497,496,1
2021-07-19,"GGD Rotterdam-Rijnmond",616,614,2
2021-07-19,"GGD Twente",212,210,2
2021-07-19,"GGD West-Brabant",321,320,1
2021-07-19,"GGD Zaanstreek/Waterland",122,121,1
2021-07-19,"GGD Zuid-Limburg",238,236,2
2021-07-19,"Veiligheids- en Gezondheidsregio Gelderland-Midden",256,255,1
2021-07-20,"GGD Amsterdam",531,524,7
2021-07-20,"GGD Brabant-Zuidoost",339,340,-1
2021-07-20,"GGD Drenthe",85,84,1
2021-07-20,"GGD Flevoland",124,121,3
2021-07-20,"GGD Fryslân",140,138,2
2021-07-20,"GGD Gelderland-Zuid",168,167,1
2021-07-20,"GGD Groningen",158,156,2
2021-07-20,"GGD Hart voor Brabant",422,417,5
2021-07-20,"GGD Hollands-Midden",261,257,4
2021-07-20,"GGD IJsselland",124,125,-1
2021-07-20,"GGD Kennemerland",196,193,3
2021-07-20,"GGD Limburg-Noord",149,146,3
2021-07-20,"GGD Regio Utrecht",411,412,-1
2021-07-20,"GGD Rotterdam-Rijnmond",584,577,7
2021-07-20,"GGD Twente",193,192,1
2021-07-20,"GGD West-Brabant",256,253,3
2021-07-20,"GGD Zaanstreek/Waterland",103,101,2
2021-07-21,"Dienst Gezondheid & Jeugd ZHZ",95,92,3
2021-07-21,"GGD Amsterdam",420,415,5
2021-07-21,"GGD Brabant-Zuidoost",296,294,2
2021-07-21,"GGD Drenthe",61,59,2
2021-07-21,"GGD Flevoland",111,109,2
2021-07-21,"GGD Gelderland-Zuid",170,168,2
2021-07-21,"GGD Gooi en Vechtstreek",78,74,4
2021-07-21,"GGD Groningen",136,134,2
2021-07-21,"GGD Haaglanden",336,329,7
2021-07-21,"GGD Hart voor Brabant",380,385,-5
2021-07-21,"GGD Hollands-Midden",235,232,3
2021-07-21,"GGD Hollands-Noorden",178,176,2
2021-07-21,"GGD IJsselland",108,105,3
2021-07-21,"GGD Regio Utrecht",406,400,6
2021-07-21,"GGD Rotterdam-Rijnmond",518,512,6
2021-07-21,"GGD Twente",159,157,2
2021-07-21,"GGD West-Brabant",235,233,2
2021-07-21,"GGD Zaanstreek/Waterland",92,91,1
2021-07-21,"GGD Zeeland",83,82,1
2021-07-21,"GGD Zuid-Limburg",183,182,1
2021-07-21,"Veiligheids- en Gezondheidsregio Gelderland-Midden",163,160,3
2021-07-22,"Dienst Gezondheid & Jeugd ZHZ",116,114,2
2021-07-22,"GGD Amsterdam",383,373,10
2021-07-22,"GGD Brabant-Zuidoost",274,273,1
2021-07-22,"GGD Drenthe",77,76,1
2021-07-22,"GGD Flevoland",90,87,3
2021-07-22,"GGD Fryslân",121,119,2
2021-07-22,"GGD Groningen",104,102,2
2021-07-22,"GGD Haaglanden",270,263,7
2021-07-22,"GGD Hart voor Brabant",367,369,-2
2021-07-22,"GGD Hollands-Midden",170,167,3
2021-07-22,"GGD Hollands-Noorden",146,142,4
2021-07-22,"GGD IJsselland",92,89,3
2021-07-22,"GGD Kennemerland",168,164,4
2021-07-22,"GGD Limburg-Noord",149,148,1
2021-07-22,"GGD Noord- en Oost-Gelderland",176,171,5
2021-07-22,"GGD Regio Utrecht",358,349,9
2021-07-22,"GGD Rotterdam-Rijnmond",439,433,6
2021-07-22,"GGD Twente",149,146,3
2021-07-22,"GGD West-Brabant",173,169,4
2021-07-22,"GGD Zaanstreek/Waterland",74,70,4
2021-07-22,"GGD Zuid-Limburg",184,182,2
2021-07-22,"Veiligheids- en Gezondheidsregio Gelderland-Midden",182,175,7
2021-07-23,"Dienst Gezondheid & Jeugd ZHZ",86,82,4
2021-07-23,"GGD Amsterdam",334,319,15
2021-07-23,"GGD Brabant-Zuidoost",183,182,1
2021-07-23,"GGD Drenthe",57,55,2
2021-07-23,"GGD Flevoland",111,105,6
2021-07-23,"GGD Fryslân",115,111,4
2021-07-23,"GGD Gelderland-Zuid",115,114,1
2021-07-23,"GGD Gooi en Vechtstreek",59,58,1
2021-07-23,"GGD Groningen",100,96,4
2021-07-23,"GGD Haaglanden",298,292,6
2021-07-23,"GGD Hart voor Brabant",292,297,-5
2021-07-23,"GGD Hollands-Midden",183,178,5
2021-07-23,"GGD Hollands-Noorden",115,116,-1
2021-07-23,"GGD Noord- en Oost-Gelderland",190,185,5
2021-07-23,"GGD Regio Utrecht",296,283,13
2021-07-23,"GGD Rotterdam-Rijnmond",404,397,7
2021-07-23,"GGD Twente",168,163,5
2021-07-23,"GGD West-Brabant",197,192,5
2021-07-23,"GGD Zaanstreek/Waterland",76,74,2
2021-07-23,"GGD Zeeland",70,68,2
2021-07-23,"GGD Zuid-Limburg",141,134,7
2021-07-23,"Veiligheids- en Gezondheidsregio Gelderland-Midden",168,166,2
2021-07-24,"Dienst Gezondheid & Jeugd ZHZ",75,74,1
2021-07-24,"GGD Amsterdam",271,257,14
2021-07-24,"GGD Brabant-Zuidoost",167,164,3
2021-07-24,"GGD Drenthe",52,49,3
2021-07-24,"GGD Flevoland",91,84,7
2021-07-24,"GGD Fryslân",105,99,6
2021-07-24,"GGD Gooi en Vechtstreek",60,58,2
2021-07-24,"GGD Groningen",89,84,5
2021-07-24,"GGD Haaglanden",260,256,4
2021-07-24,"GGD Hart voor Brabant",214,209,5
2021-07-24,"GGD Hollands-Midden",154,144,10
2021-07-24,"GGD Hollands-Noorden",121,119,2
2021-07-24,"GGD IJsselland",60,58,2
2021-07-24,"GGD Kennemerland",106,103,3
2021-07-24,"GGD Limburg-Noord",97,94,3
2021-07-24,"GGD Noord- en Oost-Gelderland",150,142,8
2021-07-24,"GGD Regio Utrecht",251,239,12
2021-07-24,"GGD Rotterdam-Rijnmond",327,308,19
2021-07-24,"GGD Twente",130,126,4
2021-07-24,"GGD West-Brabant",165,162,3
2021-07-24,"GGD Zaanstreek/Waterland",63,56,7
2021-07-24,"GGD Zeeland",50,47,3
2021-07-24,"GGD Zuid-Limburg",167,158,9
2021-07-24,"Veiligheids- en Gezondheidsregio Gelderland-Midden",149,144,5
2021-07-25,"Dienst Gezondheid & Jeugd ZHZ",63,59,4
2021-07-25,"GGD Amsterdam",249,238,11
2021-07-25,"GGD Brabant-Zuidoost",154,142,12
2021-07-25,"GGD Drenthe",57,53,4
2021-07-25,"GGD Flevoland",75,64,11
2021-07-25,"GGD Fryslân",77,75,2
2021-07-25,"GGD Gelderland-Zuid",105,98,7
2021-07-25,"GGD Gooi en Vechtstreek",52,51,1
2021-07-25,"GGD Groningen",67,62,5
2021-07-25,"GGD Haaglanden",253,239,14
2021-07-25,"GGD Hart voor Brabant",250,244,6
2021-07-25,"GGD Hollands-Midden",128,124,4
2021-07-25,"GGD Hollands-Noorden",104,91,13
2021-07-25,"GGD IJsselland",79,69,10
2021-07-25,"GGD Kennemerland",104,97,7
2021-07-25,"GGD Limburg-Noord",99,92,7
2021-07-25,"GGD Noord- en Oost-Gelderland",118,107,11
2021-07-25,"GGD Regio Utrecht",207,189,18
2021-07-25,"GGD Rotterdam-Rijnmond",259,222,37
2021-07-25,"GGD Twente",114,107,7
2021-07-25,"GGD West-Brabant",144,138,6
2021-07-25,"GGD Zaanstreek/Waterland",53,55,-2
2021-07-25,"GGD Zeeland",35,31,4
2021-07-25,"GGD Zuid-Limburg",112,102,10
2021-07-25,"Veiligheids- en Gezondheidsregio Gelderland-Midden",113,107,6
2021-07-26,"Dienst Gezondheid & Jeugd ZHZ",50,45,5
2021-07-26,"GGD Amsterdam",258,218,40
2021-07-26,"GGD Brabant-Zuidoost",154,144,10
2021-07-26,"GGD Drenthe",35,31,4
2021-07-26,"GGD Flevoland",77,63,14
2021-07-26,"GGD Fryslân",85,80,5
2021-07-26,"GGD Gelderland-Zuid",63,58,5
2021-07-26,"GGD Gooi en Vechtstreek",44,34,10
2021-07-26,"GGD Groningen",73,62,11
2021-07-26,"GGD Haaglanden",237,211,26
2021-07-26,"GGD Hart voor Brabant",200,169,31
2021-07-26,"GGD Hollands-Midden",138,117,21
2021-07-26,"GGD Hollands-Noorden",104,92,12
2021-07-26,"GGD IJsselland",65,55,10
2021-07-26,"GGD Kennemerland",88,76,12
2021-07-26,"GGD Limburg-Noord",90,77,13
2021-07-26,"GGD Noord- en Oost-Gelderland",115,99,16
2021-07-26,"GGD Regio Utrecht",201,173,28
2021-07-26,"GGD Rotterdam-Rijnmond",297,264,33
2021-07-26,"GGD Twente",117,101,16
2021-07-26,"GGD West-Brabant",107,87,20
2021-07-26,"GGD Zaanstreek/Waterland",49,39,10
2021-07-26,"GGD Zeeland",42,34,8
2021-07-26,"GGD Zuid-Limburg",128,116,12
2021-07-26,"Veiligheids- en Gezondheidsregio Gelderland-Midden",117,108,9
2021-07-27,"Dienst Gezondheid & Jeugd ZHZ",70,60,10
2021-07-27,"GGD Amsterdam",207,169,38
2021-07-27,"GGD Brabant-Zuidoost",132,115,17
2021-07-27,"GGD Drenthe",34,29,5
2021-07-27,"GGD Flevoland",71,56,15
2021-07-27,"GGD Fryslân",64,50,14
2021-07-27,"GGD Gelderland-Zuid",69,48,21
2021-07-27,"GGD Gooi en Vechtstreek",44,37,7
2021-07-27,"GGD Groningen",60,50,10
2021-07-27,"GGD Haaglanden",199,166,33
2021-07-27,"GGD Hart voor Brabant",198,151,47
2021-07-27,"GGD Hollands-Midden",111,94,17
2021-07-27,"GGD Hollands-Noorden",81,63,18
2021-07-27,"GGD IJsselland",55,46,9
2021-07-27,"GGD Kennemerland",65,47,18
2021-07-27,"GGD Limburg-Noord",66,50,16
2021-07-27,"GGD Noord- en Oost-Gelderland",96,77,19
2021-07-27,"GGD Regio Utrecht",167,145,22
2021-07-27,"GGD Rotterdam-Rijnmond",215,174,41
2021-07-27,"GGD Twente",87,71,16
2021-07-27,"GGD West-Brabant",93,69,24
2021-07-27,"GGD Zaanstreek/Waterland",44,46,-2
2021-07-27,"GGD Zeeland",46,33,13
2021-07-27,"GGD Zuid-Limburg",118,97,21
2021-07-27,"Veiligheids- en Gezondheidsregio Gelderland-Midden",96,77,19
2021-07-28,"Dienst Gezondheid & Jeugd ZHZ",44,45,-1
2021-07-28,"GGD Amsterdam",147,136,11
2021-07-28,"GGD Brabant-Zuidoost",86,52,34
2021-07-28,"GGD Drenthe",26,19,7
2021-07-28,"GGD Fryslân",59,30,29
2021-07-28,"GGD Gelderland-Zuid",55,37,18
2021-07-28,"GGD Gooi en Vechtstreek",21,16,5
2021-07-28,"GGD Groningen",42,28,14
2021-07-28,"GGD Haaglanden",134,97,37
2021-07-28,"GGD Hart voor Brabant",137,104,33
2021-07-28,"GGD Hollands-Midden",81,78,3
2021-07-28,"GGD Hollands-Noorden",64,38,26
2021-07-28,"GGD IJsselland",38,34,4
2021-07-28,"GGD Kennemerland",53,36,17
2021-07-28,"GGD Limburg-Noord",42,30,12
2021-07-28,"GGD Noord- en Oost-Gelderland",78,56,22
2021-07-28,"GGD Rotterdam-Rijnmond",173,140,33
2021-07-28,"GGD Twente",49,33,16
2021-07-28,"GGD West-Brabant",69,43,26
2021-07-28,"GGD Zaanstreek/Waterland",23,26,-3
2021-07-28,"GGD Zeeland",26,16,10
2021-07-28,"GGD Zuid-Limburg",87,52,35
2021-07-28,"Veiligheids- en Gezondheidsregio Gelderland-Midden",78,58,20
2021-07-29,"Dienst Gezondheid & Jeugd ZHZ",33,23,10
2021-07-29,"GGD Amsterdam",101,130,-29
2021-07-29,"GGD Brabant-Zuidoost",52,87,-35
2021-07-29,"GGD Drenthe",17,7,10
2021-07-29,"GGD Flevoland",31,20,11
2021-07-29,"GGD Fryslân",39,16,23
2021-07-29,"GGD Gelderland-Zuid",36,47,-11
2021-07-29,"GGD Gooi en Vechtstreek",11,8,3
2021-07-29,"GGD Groningen",36,54,-18
2021-07-29,"GGD Haaglanden",94,96,-2
2021-07-29,"GGD Hart voor Brabant",87,125,-38
2021-07-29,"GGD Hollands-Midden",63,94,-31
2021-07-29,"GGD Hollands-Noorden",34,20,14
2021-07-29,"GGD IJsselland",26,40,-14
2021-07-29,"GGD Kennemerland",34,58,-24
2021-07-29,"GGD Limburg-Noord",31,14,17
2021-07-29,"GGD Noord- en Oost-Gelderland",68,128,-60
2021-07-29,"GGD Regio Utrecht",99,133,-34
2021-07-29,"GGD Rotterdam-Rijnmond",173,176,-3
2021-07-29,"GGD Twente",38,32,6
2021-07-29,"GGD West-Brabant",39,20,19
2021-07-29,"GGD Zaanstreek/Waterland",33,45,-12
2021-07-29,"GGD Zuid-Limburg",52,50,2
2021-07-29,"Veiligheids- en Gezondheidsregio Gelderland-Midden",58,98,-40
2021-07-30,"GGD Amsterdam",104,15,89
2021-07-30,"GGD Brabant-Zuidoost",42,3,39
2021-07-30,"GGD Fryslân",11,2,9
2021-07-30,"GGD Gelderland-Zuid",19,25,-6
2021-07-30,"GGD Gooi en Vechtstreek",12,1,11
2021-07-30,"GGD Groningen",45,51,-6
2021-07-30,"GGD Haaglanden",65,5,60
2021-07-30,"GGD Hart voor Brabant",119,55,64
2021-07-30,"GGD Hollands-Midden",88,29,59
2021-07-30,"GGD IJsselland",16,22,-6
2021-07-30,"GGD Kennemerland",53,40,13
2021-07-30,"GGD Noord- en Oost-Gelderland",98,28,70
2021-07-30,"GGD Regio Utrecht",101,34,67
2021-07-30,"GGD Rotterdam-Rijnmond",206,37,169
2021-07-30,"GGD Twente",37,2,35
2021-07-30,"GGD West-Brabant",15,1,14
2021-07-30,"GGD Zaanstreek/Waterland",47,21,26
2021-07-30,"GGD Zuid-Limburg",38,14,24
2021-07-30,"Veiligheids- en Gezondheidsregio Gelderland-Midden",71,29,42
