"Date_statistics","Municipal_health_service","cases.today","cases.yesterday","diff"
2022-01-19,"GGD Groningen",1602,1603,-1
2022-01-22,"GGD Groningen",1713,1712,1
2022-01-28,"GGD Amsterdam",5248,5249,-1
2022-01-29,"GGD Amsterdam",5287,5286,1
2022-02-14,"GGD Amsterdam",3109,3110,-1
2022-02-18,"GGD Amsterdam",1612,1611,1
2022-03-01,"GGD Gelderland-Zuid",1953,1954,-1
2022-03-02,"GGD IJsselland",1974,1975,-1
2022-03-03,"GGD Gelderland-Zuid",2327,2326,1
2022-03-05,"GGD IJsselland",1753,1752,1
2022-03-19,"GGD IJsselland",1553,1554,-1
2022-03-22,"GGD IJsselland",1596,1597,-1
2022-03-24,"GGD IJsselland",1155,1154,1
2022-03-26,"GGD Gelderland-Zuid",802,803,-1
2022-03-27,"GGD Gelderland-Zuid",783,782,1
2022-03-27,"GGD IJsselland",704,703,1
2022-11-15,"GGD Regio Utrecht",62,59,3
2022-11-16,"GGD Regio Utrecht",73,71,2
2022-11-20,"GGD Regio Utrecht",36,35,1
2022-11-26,"Veiligheids- en Gezondheidsregio Gelderland-Midden",23,22,1
2022-11-28,"Veiligheids- en Gezondheidsregio Gelderland-Midden",30,31,-1
2022-11-29,"GGD Twente",24,23,1
2022-11-29,"Veiligheids- en Gezondheidsregio Gelderland-Midden",29,25,4
2022-11-30,"GGD Rotterdam-Rijnmond",78,77,1
2022-11-30,"Veiligheids- en Gezondheidsregio Gelderland-Midden",29,33,-4
2022-12-02,"Veiligheids- en Gezondheidsregio Gelderland-Midden",26,25,1
2022-12-04,"GGD Kennemerland",22,21,1
2022-12-04,"Veiligheids- en Gezondheidsregio Gelderland-Midden",31,30,1
2022-12-05,"GGD Kennemerland",33,34,-1
2022-12-05,"Veiligheids- en Gezondheidsregio Gelderland-Midden",29,31,-2
2022-12-06,"Veiligheids- en Gezondheidsregio Gelderland-Midden",49,48,1
2022-12-07,"GGD IJsselland",39,38,1
2022-12-08,"GGD Regio Utrecht",71,70,1
2022-12-08,"GGD Rotterdam-Rijnmond",89,88,1
2022-12-09,"GGD Hollands-Midden",53,52,1
2022-12-09,"GGD IJsselland",26,25,1
2022-12-09,"Veiligheids- en Gezondheidsregio Gelderland-Midden",23,21,2
2022-12-10,"GGD Haaglanden",50,49,1
2022-12-10,"GGD Kennemerland",12,11,1
2022-12-10,"GGD Zaanstreek/Waterland",6,5,1
2022-12-10,"Veiligheids- en Gezondheidsregio Gelderland-Midden",24,26,-2
2022-12-11,"GGD Kennemerland",19,20,-1
2022-12-11,"GGD Zaanstreek/Waterland",12,11,1
2022-12-11,"Veiligheids- en Gezondheidsregio Gelderland-Midden",25,24,1
2022-12-12,"GGD Hart voor Brabant",36,34,2
2022-12-12,"GGD IJsselland",41,40,1
2022-12-12,"GGD Zaanstreek/Waterland",19,17,2
2022-12-12,"Veiligheids- en Gezondheidsregio Gelderland-Midden",41,42,-1
2022-12-13,"GGD Amsterdam",81,80,1
2022-12-13,"GGD Gooi en Vechtstreek",7,6,1
2022-12-13,"GGD Hart voor Brabant",47,46,1
2022-12-13,"GGD Kennemerland",27,26,1
2022-12-13,"GGD Zaanstreek/Waterland",7,11,-4
2022-12-13,"Veiligheids- en Gezondheidsregio Gelderland-Midden",37,36,1
2022-12-14,"GGD Gelderland-Zuid",41,39,2
2022-12-14,"GGD Kennemerland",26,27,-1
2022-12-14,"GGD Noord- en Oost-Gelderland",46,44,2
2022-12-15,"GGD Gooi en Vechtstreek",10,9,1
2022-12-15,"GGD Hart voor Brabant",39,38,1
2022-12-15,"GGD Hollands-Midden",41,40,1
2022-12-15,"GGD IJsselland",29,28,1
2022-12-15,"GGD Noord- en Oost-Gelderland",36,35,1
2022-12-15,"GGD Rotterdam-Rijnmond",86,85,1
2022-12-15,"Veiligheids- en Gezondheidsregio Gelderland-Midden",28,27,1
2022-12-16,"GGD Amsterdam",62,61,1
2022-12-16,"GGD Gelderland-Zuid",33,34,-1
2022-12-16,"GGD Groningen",21,20,1
2022-12-16,"GGD Hart voor Brabant",31,29,2
2022-12-16,"GGD Hollands-Noorden",40,38,2
2022-12-16,"GGD IJsselland",14,12,2
2022-12-16,"GGD Kennemerland",25,24,1
2022-12-16,"GGD West-Brabant",20,19,1
2022-12-16,"Veiligheids- en Gezondheidsregio Gelderland-Midden",29,27,2
2022-12-17,"GGD Hollands-Noorden",26,19,7
2022-12-17,"GGD IJsselland",25,24,1
2022-12-17,"GGD Kennemerland",22,24,-2
2022-12-17,"GGD West-Brabant",10,9,1
2022-12-17,"Veiligheids- en Gezondheidsregio Gelderland-Midden",32,31,1
2022-12-18,"GGD Amsterdam",69,68,1
2022-12-18,"GGD Gelderland-Zuid",29,30,-1
2022-12-18,"GGD Groningen",22,20,2
2022-12-18,"GGD Hart voor Brabant",44,43,1
2022-12-18,"GGD Hollands-Noorden",20,11,9
2022-12-18,"GGD IJsselland",19,18,1
2022-12-18,"GGD Rotterdam-Rijnmond",43,38,5
2022-12-18,"GGD Zuid-Limburg",33,32,1
2022-12-18,"Veiligheids- en Gezondheidsregio Gelderland-Midden",36,34,2
2022-12-19,"GGD Amsterdam",69,66,3
2022-12-19,"GGD Flevoland",31,29,2
2022-12-19,"GGD Gooi en Vechtstreek",5,4,1
2022-12-19,"GGD Groningen",28,25,3
2022-12-19,"GGD Haaglanden",27,28,-1
2022-12-19,"GGD Hart voor Brabant",48,42,6
2022-12-19,"GGD Hollands-Midden",60,58,2
2022-12-19,"GGD Hollands-Noorden",26,21,5
2022-12-19,"GGD IJsselland",35,34,1
2022-12-19,"GGD Limburg-Noord",15,13,2
2022-12-19,"GGD Regio Utrecht",108,105,3
2022-12-19,"GGD Rotterdam-Rijnmond",68,67,1
2022-12-19,"GGD Twente",45,43,2
2022-12-19,"GGD Zeeland",43,40,3
2022-12-19,"GGD Zuid-Limburg",46,40,6
2022-12-19,"Veiligheids- en Gezondheidsregio Gelderland-Midden",24,19,5
2022-12-20,"GGD Amsterdam",85,81,4
2022-12-20,"GGD Flevoland",38,37,1
2022-12-20,"GGD Frysl창n",52,50,2
2022-12-20,"GGD Gelderland-Zuid",58,57,1
2022-12-20,"GGD Groningen",23,21,2
2022-12-20,"GGD Hart voor Brabant",62,56,6
2022-12-20,"GGD Hollands-Midden",72,71,1
2022-12-20,"GGD Hollands-Noorden",34,26,8
2022-12-20,"GGD IJsselland",31,29,2
2022-12-20,"GGD Kennemerland",48,45,3
2022-12-20,"GGD Regio Utrecht",130,128,2
2022-12-20,"GGD Rotterdam-Rijnmond",104,99,5
2022-12-20,"GGD Twente",26,24,2
2022-12-20,"GGD West-Brabant",42,41,1
2022-12-20,"GGD Zuid-Limburg",66,64,2
2022-12-20,"Veiligheids- en Gezondheidsregio Gelderland-Midden",79,68,11
2022-12-21,"GGD Amsterdam",83,78,5
2022-12-21,"GGD Brabant-Zuidoost",45,44,1
2022-12-21,"GGD Flevoland",32,28,4
2022-12-21,"GGD Frysl창n",34,33,1
2022-12-21,"GGD Gelderland-Zuid",61,48,13
2022-12-21,"GGD Groningen",31,24,7
2022-12-21,"GGD Haaglanden",61,56,5
2022-12-21,"GGD Hart voor Brabant",71,66,5
2022-12-21,"GGD Hollands-Midden",65,63,2
2022-12-21,"GGD Hollands-Noorden",22,18,4
2022-12-21,"GGD IJsselland",31,25,6
2022-12-21,"GGD Kennemerland",37,36,1
2022-12-21,"GGD Limburg-Noord",25,24,1
2022-12-21,"GGD Regio Utrecht",79,76,3
2022-12-21,"GGD Rotterdam-Rijnmond",72,66,6
2022-12-21,"GGD Twente",38,35,3
2022-12-21,"GGD West-Brabant",18,16,2
2022-12-21,"GGD Zeeland",42,39,3
2022-12-21,"GGD Zuid-Limburg",61,52,9
2022-12-21,"Veiligheids- en Gezondheidsregio Gelderland-Midden",51,47,4
2022-12-22,"Dienst Gezondheid & Jeugd ZHZ",20,19,1
2022-12-22,"GGD Amsterdam",86,67,19
2022-12-22,"GGD Brabant-Zuidoost",28,19,9
2022-12-22,"GGD Flevoland",24,22,2
2022-12-22,"GGD Frysl창n",42,40,2
2022-12-22,"GGD Gelderland-Zuid",50,46,4
2022-12-22,"GGD Gooi en Vechtstreek",23,12,11
2022-12-22,"GGD Groningen",21,17,4
2022-12-22,"GGD Haaglanden",66,34,32
2022-12-22,"GGD Hart voor Brabant",57,38,19
2022-12-22,"GGD Hollands-Midden",50,49,1
2022-12-22,"GGD Hollands-Noorden",15,13,2
2022-12-22,"GGD IJsselland",30,31,-1
2022-12-22,"GGD Kennemerland",30,29,1
2022-12-22,"GGD Limburg-Noord",38,25,13
2022-12-22,"GGD Noord- en Oost-Gelderland",51,31,20
2022-12-22,"GGD Regio Utrecht",129,113,16
2022-12-22,"GGD Rotterdam-Rijnmond",96,71,25
2022-12-22,"GGD Twente",28,19,9
2022-12-22,"GGD West-Brabant",38,35,3
2022-12-22,"GGD Zaanstreek/Waterland",5,3,2
2022-12-22,"GGD Zeeland",27,20,7
2022-12-22,"GGD Zuid-Limburg",61,44,17
2022-12-22,"Veiligheids- en Gezondheidsregio Gelderland-Midden",47,56,-9
2022-12-23,"GGD Drenthe",42,14,28
2022-12-23,"GGD Frysl창n",33,9,24
2022-12-23,"GGD Gelderland-Zuid",42,3,39
2022-12-23,"GGD Hart voor Brabant",37,1,36
2022-12-23,"GGD Hollands-Midden",42,3,39
2022-12-23,"GGD IJsselland",28,2,26
2022-12-23,"GGD Kennemerland",45,6,39
2022-12-23,"GGD Zuid-Limburg",46,2,44
2022-12-23,"Veiligheids- en Gezondheidsregio Gelderland-Midden",39,2,37
