"Date_statistics","Municipal_health_service","cases.today","cases.yesterday","diff"
2020-10-19,"GGD Regio Utrecht",875,874,1
2020-10-27,"GGD Zuid-Limburg",168,169,-1
2020-12-01,"GGD Zuid-Limburg",248,249,-1
2021-01-01,"GGD Regio Twente",382,383,-1
2021-01-09,"GGD Regio Twente",289,290,-1
2021-01-15,"GGD Regio Twente",251,252,-1
2021-01-16,"GGD Regio Twente",241,242,-1
2021-01-17,"GGD Regio Twente",222,223,-1
2021-01-21,"GGD Regio Twente",213,214,-1
2021-01-22,"GGD Regio Twente",220,221,-1
2021-01-26,"GGD Regio Twente",175,176,-1
2021-01-28,"GGD Regio Twente",164,165,-1
2021-02-21,"GGD Hollands-Midden",174,175,-1
2021-03-21,"GGD Kennemerland",241,240,1
2021-03-22,"GGD Kennemerland",234,235,-1
2021-04-13,"GGD Rotterdam-Rijnmond",773,771,2
2021-04-15,"Dienst Gezondheid & Jeugd ZHZ",285,284,1
2021-04-15,"GGD Amsterdam",407,406,1
2021-04-17,"GGD Rotterdam-Rijnmond",742,743,-1
2021-04-19,"GGD Limburg-Noord",344,345,-1
2021-04-20,"GGD Rotterdam-Rijnmond",782,781,1
2021-04-22,"GGD Rotterdam-Rijnmond",715,716,-1
2021-04-23,"GGD Rotterdam-Rijnmond",706,707,-1
2021-04-24,"GGD Limburg-Noord",264,265,-1
2021-04-28,"GGD Limburg-Noord",328,329,-1
2021-04-29,"GGD Limburg-Noord",310,311,-1
2021-05-01,"Dienst Gezondheid & Jeugd ZHZ",197,196,1
2021-05-01,"GGD Limburg-Noord",243,244,-1
2021-05-03,"Dienst Gezondheid & Jeugd ZHZ",251,250,1
2021-05-04,"Dienst Gezondheid & Jeugd ZHZ",211,210,1
2021-05-04,"GGD Limburg-Noord",237,238,-1
2021-05-05,"Dienst Gezondheid & Jeugd ZHZ",198,196,2
2021-05-05,"GGD Limburg-Noord",275,276,-1
2021-05-06,"Dienst Gezondheid & Jeugd ZHZ",183,178,5
2021-05-07,"GGD Limburg-Noord",257,258,-1
2021-05-08,"Dienst Gezondheid & Jeugd ZHZ",202,199,3
2021-05-09,"Dienst Gezondheid & Jeugd ZHZ",134,130,4
2021-05-09,"GGD Fryslân",145,144,1
2021-05-10,"Dienst Gezondheid & Jeugd ZHZ",189,204,-15
2021-05-11,"Dienst Gezondheid & Jeugd ZHZ",140,142,-2
2021-05-12,"Dienst Gezondheid & Jeugd ZHZ",174,170,4
2021-05-12,"GGD Rotterdam-Rijnmond",485,484,1
2021-05-13,"Dienst Gezondheid & Jeugd ZHZ",165,163,2
2021-05-13,"GGD Rotterdam-Rijnmond",429,428,1
2021-05-14,"Dienst Gezondheid & Jeugd ZHZ",102,101,1
2021-05-14,"GGD Haaglanden",272,271,1
2021-05-15,"Dienst Gezondheid & Jeugd ZHZ",99,108,-9
2021-05-18,"Dienst Gezondheid & Jeugd ZHZ",131,130,1
2021-05-19,"Dienst Gezondheid & Jeugd ZHZ",122,121,1
2021-05-19,"GGD Zaanstreek/Waterland",45,46,-1
2021-05-20,"Dienst Gezondheid & Jeugd ZHZ",96,98,-2
2021-05-20,"GGD Amsterdam",180,179,1
2021-05-20,"GGD Hollands-Midden",128,127,1
2021-05-20,"GGD Rotterdam-Rijnmond",352,351,1
2021-05-21,"GGD Hollands-Midden",142,143,-1
2021-05-21,"GGD IJsselland",68,67,1
2021-05-22,"GGD Brabant-Zuidoost",130,129,1
2021-05-22,"GGD West-Brabant",124,123,1
2021-05-22,"GGD Zaanstreek/Waterland",52,51,1
2021-05-23,"GGD Gelderland-Zuid",96,95,1
2021-05-23,"GGD Haaglanden",184,183,1
2021-05-23,"GGD Hart voor Brabant",233,232,1
2021-05-23,"GGD Rotterdam-Rijnmond",239,238,1
2021-05-24,"GGD Amsterdam",163,160,3
2021-05-24,"GGD Haaglanden",201,199,2
2021-05-24,"GGD Hollands-Noorden",67,65,2
2021-05-24,"GGD IJsselland",80,79,1
2021-05-24,"GGD Kennemerland",59,58,1
2021-05-24,"GGD Regio Twente",132,131,1
2021-05-24,"GGD Regio Utrecht",194,192,2
2021-05-24,"GGD Zaanstreek/Waterland",40,38,2
2021-05-25,"GGD Limburg-Noord",140,139,1
2021-05-25,"GGD West-Brabant",139,140,-1
2021-05-26,"GGD Fryslân",83,84,-1
2021-05-26,"GGD Haaglanden",228,229,-1
2021-05-26,"GGD Hart voor Brabant",274,273,1
2021-05-26,"GGD Hollands-Midden",146,145,1
2021-05-26,"GGD IJsselland",104,105,-1
2021-05-26,"GGD Rotterdam-Rijnmond",298,297,1
2021-05-26,"GGD West-Brabant",136,135,1
2021-05-26,"GGD Zaanstreek/Waterland",48,49,-1
2021-05-27,"GGD Amsterdam",169,168,1
2021-05-27,"GGD Flevoland",36,35,1
2021-05-27,"GGD Limburg-Noord",145,144,1
2021-05-27,"GGD Regio Utrecht",195,196,-1
2021-05-27,"GGD Rotterdam-Rijnmond",295,291,4
2021-05-27,"GGD Zaanstreek/Waterland",55,54,1
2021-05-27,"GGD Zeeland",48,47,1
2021-05-27,"Veiligheids- en Gezondheidsregio Gelderland-Midden",101,100,1
2021-05-28,"GGD Flevoland",40,39,1
2021-05-28,"GGD Gelderland-Zuid",127,126,1
2021-05-28,"GGD Haaglanden",183,184,-1
2021-05-28,"GGD Hart voor Brabant",210,208,2
2021-05-28,"GGD IJsselland",76,77,-1
2021-05-28,"GGD Kennemerland",59,58,1
2021-05-28,"GGD Regio Twente",108,107,1
2021-05-28,"GGD Rotterdam-Rijnmond",243,242,1
2021-05-28,"GGD Zaanstreek/Waterland",41,42,-1
2021-05-28,"GGD Zeeland",39,38,1
2021-05-28,"GGD Zuid-Limburg",76,75,1
2021-05-28,"Veiligheids- en Gezondheidsregio Gelderland-Midden",86,85,1
2021-05-29,"GGD Amsterdam",100,99,1
2021-05-29,"GGD Brabant-Zuidoost",112,111,1
2021-05-29,"GGD Drenthe",69,68,1
2021-05-29,"GGD Groningen",53,52,1
2021-05-29,"GGD Haaglanden",183,184,-1
2021-05-29,"GGD Hart voor Brabant",180,178,2
2021-05-29,"GGD Hollands-Noorden",64,63,1
2021-05-29,"GGD Kennemerland",50,49,1
2021-05-29,"GGD Limburg-Noord",94,92,2
2021-05-29,"GGD Rotterdam-Rijnmond",250,248,2
2021-05-29,"GGD West-Brabant",118,116,2
2021-05-29,"GGD Zaanstreek/Waterland",34,35,-1
2021-05-29,"Veiligheids- en Gezondheidsregio Gelderland-Midden",96,95,1
2021-05-30,"GGD Amsterdam",113,112,1
2021-05-30,"GGD Gelderland-Zuid",103,101,2
2021-05-30,"GGD Haaglanden",164,161,3
2021-05-30,"GGD Hart voor Brabant",167,164,3
2021-05-30,"GGD Hollands-Noorden",59,58,1
2021-05-30,"GGD Kennemerland",72,70,2
2021-05-30,"GGD Limburg-Noord",90,89,1
2021-05-30,"GGD Noord- en Oost-Gelderland",95,94,1
2021-05-30,"GGD Regio Twente",119,117,2
2021-05-30,"GGD Regio Utrecht",149,147,2
2021-05-30,"GGD West-Brabant",91,90,1
2021-05-30,"GGD Zaanstreek/Waterland",30,29,1
2021-05-30,"GGD Zuid-Limburg",86,85,1
2021-05-30,"Veiligheids- en Gezondheidsregio Gelderland-Midden",106,105,1
2021-05-31,"Dienst Gezondheid & Jeugd ZHZ",77,74,3
2021-05-31,"GGD Amsterdam",125,122,3
2021-05-31,"GGD Flevoland",47,46,1
2021-05-31,"GGD Fryslân",59,57,2
2021-05-31,"GGD Gooi en Vechtstreek",26,25,1
2021-05-31,"GGD Hart voor Brabant",165,163,2
2021-05-31,"GGD Hollands-Midden",80,79,1
2021-05-31,"GGD Hollands-Noorden",58,57,1
2021-05-31,"GGD IJsselland",82,78,4
2021-05-31,"GGD Limburg-Noord",85,84,1
2021-05-31,"GGD Regio Twente",113,111,2
2021-05-31,"GGD Regio Utrecht",135,132,3
2021-05-31,"GGD Rotterdam-Rijnmond",288,283,5
2021-05-31,"GGD West-Brabant",104,102,2
2021-05-31,"GGD Zaanstreek/Waterland",35,33,2
2021-05-31,"GGD Zeeland",27,25,2
2021-06-01,"Dienst Gezondheid & Jeugd ZHZ",54,53,1
2021-06-01,"GGD Brabant-Zuidoost",112,110,2
2021-06-01,"GGD Fryslân",57,56,1
2021-06-01,"GGD Gelderland-Zuid",103,102,1
2021-06-01,"GGD Groningen",62,60,2
2021-06-01,"GGD Haaglanden",140,130,10
2021-06-01,"GGD Hart voor Brabant",175,173,2
2021-06-01,"GGD Hollands-Midden",75,73,2
2021-06-01,"GGD Kennemerland",48,44,4
2021-06-01,"GGD Limburg-Noord",80,78,2
2021-06-01,"GGD Noord- en Oost-Gelderland",87,85,2
2021-06-01,"GGD Regio Utrecht",174,169,5
2021-06-01,"GGD Rotterdam-Rijnmond",182,173,9
2021-06-01,"GGD West-Brabant",100,97,3
2021-06-01,"GGD Zaanstreek/Waterland",20,19,1
2021-06-01,"GGD Zeeland",42,43,-1
2021-06-01,"GGD Zuid-Limburg",72,68,4
2021-06-01,"Veiligheids- en Gezondheidsregio Gelderland-Midden",100,101,-1
2021-06-02,"GGD Amsterdam",91,84,7
2021-06-02,"GGD Brabant-Zuidoost",103,98,5
2021-06-02,"GGD Drenthe",40,38,2
2021-06-02,"GGD Flevoland",29,23,6
2021-06-02,"GGD Fryslân",36,32,4
2021-06-02,"GGD Gelderland-Zuid",74,68,6
2021-06-02,"GGD Gooi en Vechtstreek",25,24,1
2021-06-02,"GGD Groningen",40,38,2
2021-06-02,"GGD Haaglanden",164,153,11
2021-06-02,"GGD Hart voor Brabant",168,160,8
2021-06-02,"GGD Hollands-Midden",90,89,1
2021-06-02,"GGD Hollands-Noorden",54,53,1
2021-06-02,"GGD IJsselland",69,67,2
2021-06-02,"GGD Kennemerland",47,45,2
2021-06-02,"GGD Limburg-Noord",81,78,3
2021-06-02,"GGD Noord- en Oost-Gelderland",85,80,5
2021-06-02,"GGD Regio Twente",88,86,2
2021-06-02,"GGD Regio Utrecht",149,141,8
2021-06-02,"GGD Rotterdam-Rijnmond",202,192,10
2021-06-02,"GGD West-Brabant",99,98,1
2021-06-02,"GGD Zaanstreek/Waterland",28,26,2
2021-06-02,"GGD Zuid-Limburg",49,45,4
2021-06-02,"Veiligheids- en Gezondheidsregio Gelderland-Midden",76,74,2
2021-06-03,"Dienst Gezondheid & Jeugd ZHZ",45,47,-2
2021-06-03,"GGD Amsterdam",85,81,4
2021-06-03,"GGD Brabant-Zuidoost",72,63,9
2021-06-03,"GGD Drenthe",34,33,1
2021-06-03,"GGD Fryslân",38,35,3
2021-06-03,"GGD Gelderland-Zuid",92,85,7
2021-06-03,"GGD Groningen",37,34,3
2021-06-03,"GGD Haaglanden",166,152,14
2021-06-03,"GGD Hart voor Brabant",106,96,10
2021-06-03,"GGD Hollands-Midden",72,71,1
2021-06-03,"GGD IJsselland",59,55,4
2021-06-03,"GGD Limburg-Noord",50,45,5
2021-06-03,"GGD Noord- en Oost-Gelderland",66,59,7
2021-06-03,"GGD Regio Twente",81,78,3
2021-06-03,"GGD Regio Utrecht",118,106,12
2021-06-03,"GGD Rotterdam-Rijnmond",187,168,19
2021-06-03,"GGD West-Brabant",70,68,2
2021-06-03,"GGD Zaanstreek/Waterland",25,21,4
2021-06-03,"GGD Zeeland",26,25,1
2021-06-03,"GGD Zuid-Limburg",57,51,6
2021-06-03,"Veiligheids- en Gezondheidsregio Gelderland-Midden",73,69,4
2021-06-04,"GGD Amsterdam",52,42,10
2021-06-04,"GGD Brabant-Zuidoost",66,61,5
2021-06-04,"GGD Drenthe",26,21,5
2021-06-04,"GGD Flevoland",23,16,7
2021-06-04,"GGD Fryslân",21,17,4
2021-06-04,"GGD Gelderland-Zuid",74,65,9
2021-06-04,"GGD Gooi en Vechtstreek",7,6,1
2021-06-04,"GGD Groningen",39,30,9
2021-06-04,"GGD Haaglanden",93,71,22
2021-06-04,"GGD Hart voor Brabant",113,100,13
2021-06-04,"GGD Hollands-Midden",47,44,3
2021-06-04,"GGD Hollands-Noorden",37,29,8
2021-06-04,"GGD IJsselland",38,33,5
2021-06-04,"GGD Kennemerland",20,19,1
2021-06-04,"GGD Limburg-Noord",43,34,9
2021-06-04,"GGD Noord- en Oost-Gelderland",56,47,9
2021-06-04,"GGD Regio Twente",61,51,10
2021-06-04,"GGD Regio Utrecht",120,98,22
2021-06-04,"GGD Rotterdam-Rijnmond",147,139,8
2021-06-04,"GGD West-Brabant",45,43,2
2021-06-04,"GGD Zaanstreek/Waterland",23,25,-2
2021-06-04,"GGD Zeeland",18,17,1
2021-06-04,"GGD Zuid-Limburg",54,42,12
2021-06-04,"Veiligheids- en Gezondheidsregio Gelderland-Midden",50,45,5
2021-06-05,"Dienst Gezondheid & Jeugd ZHZ",25,20,5
2021-06-05,"GGD Amsterdam",47,35,12
2021-06-05,"GGD Brabant-Zuidoost",45,36,9
2021-06-05,"GGD Drenthe",24,14,10
2021-06-05,"GGD Flevoland",18,14,4
2021-06-05,"GGD Fryslân",37,34,3
2021-06-05,"GGD Gelderland-Zuid",64,43,21
2021-06-05,"GGD Gooi en Vechtstreek",7,5,2
2021-06-05,"GGD Groningen",25,17,8
2021-06-05,"GGD Haaglanden",90,71,19
2021-06-05,"GGD Hart voor Brabant",70,49,21
2021-06-05,"GGD Hollands-Midden",36,24,12
2021-06-05,"GGD Hollands-Noorden",27,16,11
2021-06-05,"GGD IJsselland",27,30,-3
2021-06-05,"GGD Kennemerland",27,20,7
2021-06-05,"GGD Limburg-Noord",40,24,16
2021-06-05,"GGD Noord- en Oost-Gelderland",55,39,16
2021-06-05,"GGD Regio Twente",29,21,8
2021-06-05,"GGD Regio Utrecht",75,60,15
2021-06-05,"GGD Rotterdam-Rijnmond",87,88,-1
2021-06-05,"GGD West-Brabant",40,29,11
2021-06-05,"GGD Zeeland",9,5,4
2021-06-05,"GGD Zuid-Limburg",26,17,9
2021-06-05,"Veiligheids- en Gezondheidsregio Gelderland-Midden",42,38,4
2021-06-06,"Dienst Gezondheid & Jeugd ZHZ",18,21,-3
2021-06-06,"GGD Amsterdam",25,57,-32
2021-06-06,"GGD Brabant-Zuidoost",35,60,-25
2021-06-06,"GGD Drenthe",19,12,7
2021-06-06,"GGD Flevoland",11,8,3
2021-06-06,"GGD Fryslân",15,9,6
2021-06-06,"GGD Gelderland-Zuid",23,47,-24
2021-06-06,"GGD Gooi en Vechtstreek",2,1,1
2021-06-06,"GGD Groningen",10,27,-17
2021-06-06,"GGD Haaglanden",70,119,-49
2021-06-06,"GGD Hart voor Brabant",60,104,-44
2021-06-06,"GGD Hollands-Midden",34,45,-11
2021-06-06,"GGD Hollands-Noorden",15,4,11
2021-06-06,"GGD IJsselland",39,46,-7
2021-06-06,"GGD Kennemerland",16,18,-2
2021-06-06,"GGD Limburg-Noord",8,1,7
2021-06-06,"GGD Noord- en Oost-Gelderland",27,61,-34
2021-06-06,"GGD Regio Twente",22,41,-19
2021-06-06,"GGD Regio Utrecht",46,51,-5
2021-06-06,"GGD Rotterdam-Rijnmond",46,87,-41
2021-06-06,"GGD West-Brabant",33,20,13
2021-06-06,"GGD Zaanstreek/Waterland",13,19,-6
2021-06-06,"GGD Zuid-Limburg",20,33,-13
2021-06-06,"Veiligheids- en Gezondheidsregio Gelderland-Midden",44,42,2
2021-06-07,"Dienst Gezondheid & Jeugd ZHZ",30,4,26
2021-06-07,"GGD Amsterdam",83,7,76
2021-06-07,"GGD Brabant-Zuidoost",79,4,75
2021-06-07,"GGD Gelderland-Zuid",55,22,33
2021-06-07,"GGD Haaglanden",80,4,76
2021-06-07,"GGD Hart voor Brabant",87,9,78
2021-06-07,"GGD Hollands-Midden",38,5,33
2021-06-07,"GGD Kennemerland",23,15,8
2021-06-07,"GGD Noord- en Oost-Gelderland",35,2,33
2021-06-07,"GGD Regio Twente",55,1,54
2021-06-07,"GGD Regio Utrecht",54,15,39
2021-06-07,"GGD Rotterdam-Rijnmond",77,2,75
2021-06-07,"Veiligheids- en Gezondheidsregio Gelderland-Midden",65,2,63
