"Date_statistics","Municipal_health_service","cases.today","cases.yesterday","diff"
2021-01-18,"GGD Twente",315,316,-1
2021-04-09,"GGD Hollands-Noorden",270,271,-1
2021-05-24,"Dienst Gezondheid & Jeugd ZHZ",85,84,1
2021-05-29,"Dienst Gezondheid & Jeugd ZHZ",63,64,-1
2021-06-16,"Dienst Gezondheid & Jeugd ZHZ",13,12,1
2021-06-17,"Dienst Gezondheid & Jeugd ZHZ",38,39,-1
2021-07-01,"Dienst Gezondheid & Jeugd ZHZ",33,32,1
2021-07-03,"Dienst Gezondheid & Jeugd ZHZ",26,25,1
2021-07-06,"Dienst Gezondheid & Jeugd ZHZ",130,132,-2
2021-07-14,"Dienst Gezondheid & Jeugd ZHZ",211,210,1
2021-07-18,"Dienst Gezondheid & Jeugd ZHZ",116,117,-1
2021-08-23,"Dienst Gezondheid & Jeugd ZHZ",73,72,1
2021-08-24,"Dienst Gezondheid & Jeugd ZHZ",45,46,-1
2021-08-28,"Dienst Gezondheid & Jeugd ZHZ",63,62,1
2021-08-30,"Dienst Gezondheid & Jeugd ZHZ",61,62,-1
2021-09-01,"Dienst Gezondheid & Jeugd ZHZ",67,66,1
2021-09-02,"Dienst Gezondheid & Jeugd ZHZ",57,58,-1
2021-10-07,"GGD Rotterdam-Rijnmond",214,215,-1
2021-10-15,"Dienst Gezondheid & Jeugd ZHZ",172,171,1
2021-10-21,"Dienst Gezondheid & Jeugd ZHZ",212,211,1
2021-10-22,"Dienst Gezondheid & Jeugd ZHZ",286,285,1
2021-10-23,"Dienst Gezondheid & Jeugd ZHZ",274,271,3
2021-10-24,"Dienst Gezondheid & Jeugd ZHZ",281,279,2
2021-10-25,"Dienst Gezondheid & Jeugd ZHZ",312,317,-5
2021-10-26,"Dienst Gezondheid & Jeugd ZHZ",300,299,1
2021-10-27,"Dienst Gezondheid & Jeugd ZHZ",296,298,-2
2021-10-28,"Dienst Gezondheid & Jeugd ZHZ",267,266,1
2021-10-29,"Dienst Gezondheid & Jeugd ZHZ",295,293,2
2021-10-30,"Dienst Gezondheid & Jeugd ZHZ",315,318,-3
2021-10-31,"Dienst Gezondheid & Jeugd ZHZ",326,325,1
2021-11-01,"Dienst Gezondheid & Jeugd ZHZ",402,404,-2
2021-11-02,"Dienst Gezondheid & Jeugd ZHZ",386,385,1
2021-11-05,"Dienst Gezondheid & Jeugd ZHZ",440,442,-2
2021-11-11,"GGD Amsterdam",898,897,1
2021-11-15,"GGD Rotterdam-Rijnmond",1355,1356,-1
2021-11-18,"GGD Amsterdam",1063,1062,1
2021-11-21,"GGD Flevoland",444,443,1
2021-11-26,"GGD Zaanstreek/Waterland",320,321,-1
2021-12-03,"Dienst Gezondheid & Jeugd ZHZ",507,506,1
2021-12-03,"GGD Amsterdam",832,831,1
2021-12-04,"Dienst Gezondheid & Jeugd ZHZ",499,498,1
2021-12-04,"GGD Flevoland",453,452,1
2021-12-04,"GGD Rotterdam-Rijnmond",1259,1260,-1
2021-12-08,"Dienst Gezondheid & Jeugd ZHZ",482,481,1
2021-12-09,"Dienst Gezondheid & Jeugd ZHZ",411,408,3
2021-12-09,"GGD Amsterdam",697,696,1
2021-12-10,"Dienst Gezondheid & Jeugd ZHZ",401,396,5
2021-12-10,"GGD Amsterdam",721,720,1
2021-12-11,"Dienst Gezondheid & Jeugd ZHZ",392,388,4
2021-12-12,"Dienst Gezondheid & Jeugd ZHZ",396,402,-6
2021-12-12,"GGD Amsterdam",764,763,1
2021-12-13,"Dienst Gezondheid & Jeugd ZHZ",439,441,-2
2021-12-13,"GGD Amsterdam",845,843,2
2021-12-14,"Dienst Gezondheid & Jeugd ZHZ",423,426,-3
2021-12-15,"Dienst Gezondheid & Jeugd ZHZ",451,448,3
2021-12-15,"GGD Amsterdam",814,810,4
2021-12-16,"Dienst Gezondheid & Jeugd ZHZ",379,381,-2
2021-12-16,"GGD Amsterdam",693,692,1
2021-12-18,"Dienst Gezondheid & Jeugd ZHZ",316,314,2
2021-12-19,"Dienst Gezondheid & Jeugd ZHZ",338,337,1
2021-12-20,"Dienst Gezondheid & Jeugd ZHZ",362,363,-1
2021-12-21,"Dienst Gezondheid & Jeugd ZHZ",291,290,1
2021-12-21,"GGD Amsterdam",1006,1004,2
2021-12-21,"GGD Hollands-Noorden",464,463,1
2021-12-22,"Dienst Gezondheid & Jeugd ZHZ",299,302,-3
2021-12-23,"Dienst Gezondheid & Jeugd ZHZ",287,285,2
2021-12-24,"Dienst Gezondheid & Jeugd ZHZ",297,303,-6
2021-12-25,"Dienst Gezondheid & Jeugd ZHZ",315,311,4
2021-12-26,"Dienst Gezondheid & Jeugd ZHZ",290,291,-1
2021-12-26,"GGD Zaanstreek/Waterland",265,264,1
2021-12-27,"GGD Zaanstreek/Waterland",412,411,1
2021-12-28,"Dienst Gezondheid & Jeugd ZHZ",397,401,-4
2021-12-29,"Dienst Gezondheid & Jeugd ZHZ",346,348,-2
2021-12-30,"Dienst Gezondheid & Jeugd ZHZ",349,348,1
2021-12-30,"GGD Drenthe",385,386,-1
2021-12-31,"GGD Drenthe",380,381,-1
2021-12-31,"GGD Zaanstreek/Waterland",386,383,3
2022-01-01,"GGD Zaanstreek/Waterland",439,438,1
2022-01-02,"GGD Flevoland",534,520,14
2022-01-02,"GGD Rotterdam-Rijnmond",895,894,1
2022-01-02,"GGD Zaanstreek/Waterland",494,492,2
2022-01-03,"GGD Amsterdam",2980,2981,-1
2022-01-03,"GGD Rotterdam-Rijnmond",2123,2122,1
2022-01-03,"GGD Zaanstreek/Waterland",564,568,-4
2022-01-04,"GGD Drenthe",549,551,-2
2022-01-04,"GGD Hollands-Midden",1936,1935,1
2022-01-04,"GGD IJsselland",713,714,-1
2022-01-04,"GGD Limburg-Noord",649,650,-1
2022-01-04,"GGD Rotterdam-Rijnmond",2993,2992,1
2022-01-05,"GGD Amsterdam",3411,3412,-1
2022-01-05,"GGD IJsselland",621,622,-1
2022-01-05,"GGD Limburg-Noord",547,545,2
2022-01-05,"GGD Zaanstreek/Waterland",960,962,-2
2022-01-06,"GGD Zaanstreek/Waterland",852,851,1
2022-01-07,"GGD Limburg-Noord",675,677,-2
2022-01-07,"GGD Zaanstreek/Waterland",937,932,5
2022-01-08,"GGD Rotterdam-Rijnmond",2493,2494,-1
2022-01-08,"GGD Zaanstreek/Waterland",793,789,4
2022-01-09,"GGD Regio Utrecht",2647,2649,-2
2022-01-10,"GGD Kennemerland",1254,1257,-3
2022-01-10,"GGD Zaanstreek/Waterland",490,492,-2
2022-01-11,"GGD Amsterdam",3414,3415,-1
2022-01-11,"GGD Rotterdam-Rijnmond",3602,3601,1
2022-01-11,"GGD Zaanstreek/Waterland",915,914,1
2022-01-12,"Dienst Gezondheid & Jeugd ZHZ",539,540,-1
2022-01-12,"GGD Hart voor Brabant",2009,2010,-1
2022-01-12,"GGD Limburg-Noord",705,703,2
2022-01-12,"GGD Zaanstreek/Waterland",799,801,-2
2022-01-13,"GGD Hollands-Midden",1980,1979,1
2022-01-13,"GGD Regio Utrecht",2933,2934,-1
2022-01-13,"GGD Rotterdam-Rijnmond",3649,3650,-1
2022-01-13,"GGD Zaanstreek/Waterland",804,798,6
2022-01-13,"GGD Zuid-Limburg",724,725,-1
2022-01-14,"GGD Limburg-Noord",675,674,1
2022-01-15,"GGD Kennemerland",1625,1626,-1
2022-01-15,"GGD Limburg-Noord",935,933,2
2022-01-15,"GGD Rotterdam-Rijnmond",3813,3814,-1
2022-01-15,"GGD Zaanstreek/Waterland",1041,1044,-3
2022-01-16,"Dienst Gezondheid & Jeugd ZHZ",833,834,-1
2022-01-16,"GGD Kennemerland",1681,1682,-1
2022-01-16,"GGD Limburg-Noord",800,803,-3
2022-01-16,"GGD Rotterdam-Rijnmond",3066,3067,-1
2022-01-16,"GGD Zaanstreek/Waterland",928,930,-2
2022-01-17,"GGD Hollands-Midden",2488,2489,-1
2022-01-17,"GGD Limburg-Noord",835,838,-3
2022-01-17,"GGD Rotterdam-Rijnmond",4600,4604,-4
2022-01-18,"GGD Hollands-Midden",2840,2839,1
2022-01-18,"GGD Limburg-Noord",1123,1122,1
2022-01-18,"GGD Regio Utrecht",4811,4810,1
2022-01-18,"GGD Zaanstreek/Waterland",1387,1389,-2
2022-01-19,"GGD Amsterdam",5298,5299,-1
2022-01-19,"GGD Haaglanden",4478,4479,-1
2022-01-19,"GGD Hart voor Brabant",4512,4513,-1
2022-01-19,"GGD Hollands-Midden",3008,3007,1
2022-01-19,"GGD Regio Utrecht",5665,5666,-1
2022-01-19,"GGD Rotterdam-Rijnmond",5567,5569,-2
2022-01-20,"GGD Limburg-Noord",1542,1540,2
2022-01-20,"GGD Regio Utrecht",5087,5088,-1
2022-01-20,"GGD Rotterdam-Rijnmond",5358,5361,-3
2022-01-20,"GGD Zaanstreek/Waterland",1659,1660,-1
2022-01-21,"GGD Amsterdam",4992,4991,1
2022-01-21,"GGD Flevoland",1533,1532,1
2022-01-21,"GGD Limburg-Noord",1768,1766,2
2022-01-21,"GGD Regio Utrecht",6370,6368,2
2022-01-21,"GGD Rotterdam-Rijnmond",6295,6294,1
2022-01-22,"GGD Haaglanden",4554,4553,1
2022-01-22,"GGD Limburg-Noord",1590,1587,3
2022-01-23,"GGD Amsterdam",4304,4303,1
2022-01-23,"GGD Hollands-Midden",3660,3661,-1
2022-01-23,"GGD IJsselland",1799,1800,-1
2022-01-23,"GGD Kennemerland",2612,2611,1
2022-01-23,"GGD Limburg-Noord",1742,1743,-1
2022-01-23,"GGD Noord- en Oost-Gelderland",2539,2538,1
2022-01-23,"GGD Rotterdam-Rijnmond",4797,4796,1
2022-01-24,"GGD Amsterdam",5405,5406,-1
2022-01-24,"GGD Flevoland",2205,2204,1
2022-01-24,"GGD IJsselland",2100,2099,1
2022-01-24,"GGD Limburg-Noord",2012,2015,-3
2022-01-24,"GGD Regio Utrecht",5942,5938,4
2022-01-24,"Veiligheids- en Gezondheidsregio Gelderland-Midden",2634,2637,-3
2022-01-25,"Dienst Gezondheid & Jeugd ZHZ",2451,2450,1
2022-01-25,"GGD Gelderland-Zuid",2738,2737,1
2022-01-25,"GGD Hollands-Midden",3974,3973,1
2022-01-25,"GGD Hollands-Noorden",2869,2868,1
2022-01-25,"GGD Kennemerland",2663,2664,-1
2022-01-25,"GGD Limburg-Noord",1887,1889,-2
2022-01-25,"GGD Regio Utrecht",6825,6826,-1
2022-01-25,"GGD Rotterdam-Rijnmond",6995,6992,3
2022-01-25,"GGD West-Brabant",4076,4075,1
2022-01-26,"GGD Frysl√¢n",2270,2269,1
2022-01-26,"GGD Hollands-Midden",4088,4087,1
2022-01-26,"GGD Limburg-Noord",2189,2185,4
2022-01-26,"GGD Regio Utrecht",7297,7301,-4
2022-01-26,"GGD Rotterdam-Rijnmond",7652,7647,5
2022-01-26,"GGD Twente",2943,2944,-1
2022-01-26,"Veiligheids- en Gezondheidsregio Gelderland-Midden",3091,3093,-2
2022-01-27,"GGD Haaglanden",6075,6074,1
2022-01-27,"GGD Hollands-Midden",4791,4789,2
2022-01-27,"GGD Limburg-Noord",2032,2029,3
2022-01-27,"GGD Rotterdam-Rijnmond",8502,8500,2
2022-01-27,"Veiligheids- en Gezondheidsregio Gelderland-Midden",3370,3371,-1
2022-01-28,"GGD Amsterdam",5288,5289,-1
2022-01-28,"GGD Flevoland",2379,2378,1
2022-01-28,"GGD Hollands-Noorden",3214,3213,1
2022-01-28,"GGD Limburg-Noord",2305,2308,-3
2022-01-28,"GGD Regio Utrecht",7758,7759,-1
2022-01-28,"GGD Twente",3444,3445,-1
2022-01-28,"Veiligheids- en Gezondheidsregio Gelderland-Midden",3499,3500,-1
2022-01-29,"GGD Amsterdam",5236,5235,1
2022-01-29,"GGD Flevoland",2546,2541,5
2022-01-29,"GGD Haaglanden",6143,6140,3
2022-01-29,"GGD Limburg-Noord",2476,2481,-5
2022-01-29,"GGD Regio Utrecht",7958,7959,-1
2022-01-29,"GGD Rotterdam-Rijnmond",6765,6763,2
2022-01-29,"Veiligheids- en Gezondheidsregio Gelderland-Midden",3568,3571,-3
2022-01-30,"GGD Amsterdam",4528,4529,-1
2022-01-30,"GGD Brabant-Zuidoost",4506,4505,1
2022-01-30,"GGD Flevoland",2114,2115,-1
2022-01-30,"GGD Hollands-Noorden",4328,4329,-1
2022-01-30,"GGD Limburg-Noord",2467,2468,-1
2022-01-30,"GGD Rotterdam-Rijnmond",4686,4687,-1
2022-01-30,"GGD Zeeland",1777,1778,-1
2022-01-30,"GGD Zuid-Limburg",1948,1949,-1
2022-01-30,"Veiligheids- en Gezondheidsregio Gelderland-Midden",3188,3189,-1
2022-01-31,"GGD Flevoland",2460,2445,15
2022-01-31,"GGD Haaglanden",5871,5872,-1
2022-01-31,"GGD Hollands-Midden",4165,4166,-1
2022-01-31,"GGD Limburg-Noord",2571,2570,1
2022-01-31,"GGD Rotterdam-Rijnmond",6447,6444,3
2022-01-31,"Veiligheids- en Gezondheidsregio Gelderland-Midden",3684,3685,-1
2022-02-01,"Dienst Gezondheid & Jeugd ZHZ",2539,2538,1
2022-02-01,"GGD Flevoland",2209,2203,6
2022-02-01,"GGD Gelderland-Zuid",3096,3093,3
2022-02-01,"GGD Gooi en Vechtstreek",1354,1353,1
2022-02-01,"GGD Groningen",2615,2614,1
2022-02-01,"GGD Haaglanden",5567,5568,-1
2022-02-01,"GGD Hart voor Brabant",5890,5891,-1
2022-02-01,"GGD Kennemerland",2920,2921,-1
2022-02-01,"GGD Regio Utrecht",9213,9214,-1
2022-02-01,"GGD Rotterdam-Rijnmond",5607,5592,15
2022-02-01,"GGD Twente",2979,2980,-1
2022-02-01,"GGD Zuid-Limburg",2329,2328,1
2022-02-01,"Veiligheids- en Gezondheidsregio Gelderland-Midden",4035,4037,-2
2022-02-02,"GGD Amsterdam",4976,4979,-3
2022-02-02,"GGD Drenthe",2137,2138,-1
2022-02-02,"GGD Flevoland",2100,2075,25
2022-02-02,"GGD Gelderland-Zuid",3465,3462,3
2022-02-02,"GGD Haaglanden",6635,6639,-4
2022-02-02,"GGD Hart voor Brabant",5439,5442,-3
2022-02-02,"GGD Hollands-Midden",4883,4884,-1
2022-02-02,"GGD Hollands-Noorden",4175,4176,-1
2022-02-02,"GGD Limburg-Noord",2577,2578,-1
2022-02-02,"GGD Regio Utrecht",8459,8460,-1
2022-02-02,"GGD Rotterdam-Rijnmond",7675,7652,23
2022-02-02,"GGD Twente",3931,3934,-3
2022-02-02,"GGD West-Brabant",3502,3503,-1
2022-02-03,"GGD Amsterdam",4506,4503,3
2022-02-03,"GGD Brabant-Zuidoost",4165,4167,-2
2022-02-03,"GGD Flevoland",2168,2139,29
2022-02-03,"GGD Gelderland-Zuid",3238,3240,-2
2022-02-03,"GGD Haaglanden",6463,6468,-5
2022-02-03,"GGD Hollands-Midden",4576,4577,-1
2022-02-03,"GGD Hollands-Noorden",3632,3634,-2
2022-02-03,"GGD Limburg-Noord",2719,2718,1
2022-02-03,"GGD Regio Utrecht",8811,8815,-4
2022-02-03,"GGD Rotterdam-Rijnmond",6948,6926,22
2022-02-03,"GGD West-Brabant",4491,4494,-3
2022-02-03,"GGD Zaanstreek/Waterland",1742,1743,-1
2022-02-03,"Veiligheids- en Gezondheidsregio Gelderland-Midden",3938,3940,-2
2022-02-04,"GGD Amsterdam",4909,4911,-2
2022-02-04,"GGD Brabant-Zuidoost",3976,3977,-1
2022-02-04,"GGD Flevoland",2155,2143,12
2022-02-04,"GGD Gelderland-Zuid",3168,3171,-3
2022-02-04,"GGD Gooi en Vechtstreek",1430,1431,-1
2022-02-04,"GGD Haaglanden",5843,5850,-7
2022-02-04,"GGD Hart voor Brabant",6674,6675,-1
2022-02-04,"GGD Hollands-Midden",4008,4009,-1
2022-02-04,"GGD Hollands-Noorden",3710,3712,-2
2022-02-04,"GGD IJsselland",3404,3405,-1
2022-02-04,"GGD Kennemerland",2765,2766,-1
2022-02-04,"GGD Limburg-Noord",2651,2655,-4
2022-02-04,"GGD Regio Utrecht",7651,7652,-1
2022-02-04,"GGD Twente",3607,3609,-2
2022-02-04,"GGD West-Brabant",4554,4555,-1
2022-02-04,"GGD Zeeland",2191,2193,-2
2022-02-04,"Veiligheids- en Gezondheidsregio Gelderland-Midden",4357,4356,1
2022-02-05,"GGD Amsterdam",4153,4152,1
2022-02-05,"GGD Brabant-Zuidoost",3428,3430,-2
2022-02-05,"GGD Flevoland",1910,1893,17
2022-02-05,"GGD Gelderland-Zuid",3437,3439,-2
2022-02-05,"GGD Gooi en Vechtstreek",1112,1113,-1
2022-02-05,"GGD Groningen",2599,2598,1
2022-02-05,"GGD Haaglanden",5063,5069,-6
2022-02-05,"GGD Limburg-Noord",2672,2677,-5
2022-02-05,"GGD Noord- en Oost-Gelderland",3933,3934,-1
2022-02-05,"GGD Regio Utrecht",7172,7176,-4
2022-02-05,"GGD Rotterdam-Rijnmond",4846,4847,-1
2022-02-05,"GGD Twente",3461,3465,-4
2022-02-05,"Veiligheids- en Gezondheidsregio Gelderland-Midden",4122,4123,-1
2022-02-06,"GGD Amsterdam",3582,3581,1
2022-02-06,"GGD Brabant-Zuidoost",3303,3305,-2
2022-02-06,"GGD Drenthe",2372,2375,-3
2022-02-06,"GGD Gelderland-Zuid",2694,2695,-1
2022-02-06,"GGD Haaglanden",4968,4980,-12
2022-02-06,"GGD Hart voor Brabant",4809,4807,2
2022-02-06,"GGD Hollands-Noorden",3283,3284,-1
2022-02-06,"GGD Kennemerland",2382,2383,-1
2022-02-06,"GGD Limburg-Noord",2071,2070,1
2022-02-06,"GGD Noord- en Oost-Gelderland",4510,4512,-2
2022-02-06,"GGD Regio Utrecht",5883,5886,-3
2022-02-06,"GGD Rotterdam-Rijnmond",3707,3706,1
2022-02-06,"GGD Twente",3354,3355,-1
2022-02-06,"GGD Zeeland",1492,1493,-1
2022-02-06,"GGD Zuid-Limburg",1524,1525,-1
2022-02-07,"GGD Amsterdam",4050,4055,-5
2022-02-07,"GGD Brabant-Zuidoost",3280,3276,4
2022-02-07,"GGD Flevoland",1816,1811,5
2022-02-07,"GGD Gelderland-Zuid",2654,2650,4
2022-02-07,"GGD Groningen",2728,2729,-1
2022-02-07,"GGD Haaglanden",4746,4757,-11
2022-02-07,"GGD Hollands-Midden",3726,3730,-4
2022-02-07,"GGD IJsselland",3335,3336,-1
2022-02-07,"GGD Kennemerland",2719,2722,-3
2022-02-07,"GGD Limburg-Noord",1907,1908,-1
2022-02-07,"GGD Noord- en Oost-Gelderland",4222,4221,1
2022-02-07,"GGD Regio Utrecht",6819,6825,-6
2022-02-07,"GGD Rotterdam-Rijnmond",4606,4608,-2
2022-02-07,"GGD Twente",3032,3035,-3
2022-02-07,"GGD Zaanstreek/Waterland",1414,1415,-1
2022-02-07,"Veiligheids- en Gezondheidsregio Gelderland-Midden",3230,3231,-1
2022-02-08,"Dienst Gezondheid & Jeugd ZHZ",2364,2366,-2
2022-02-08,"GGD Amsterdam",4434,4432,2
2022-02-08,"GGD Brabant-Zuidoost",3607,3609,-2
2022-02-08,"GGD Gelderland-Zuid",3467,3458,9
2022-02-08,"GGD Gooi en Vechtstreek",1029,1028,1
2022-02-08,"GGD Groningen",2304,2306,-2
2022-02-08,"GGD Haaglanden",5208,5216,-8
2022-02-08,"GGD Hollands-Noorden",3198,3199,-1
2022-02-08,"GGD IJsselland",3274,3272,2
2022-02-08,"GGD Kennemerland",2356,2360,-4
2022-02-08,"GGD Limburg-Noord",1987,1983,4
2022-02-08,"GGD Regio Utrecht",7595,7596,-1
2022-02-08,"GGD Rotterdam-Rijnmond",5730,5732,-2
2022-02-08,"GGD Twente",2935,2938,-3
2022-02-08,"GGD West-Brabant",2673,2672,1
2022-02-08,"GGD Zuid-Limburg",2376,2378,-2
2022-02-08,"Veiligheids- en Gezondheidsregio Gelderland-Midden",3952,3951,1
2022-02-09,"Dienst Gezondheid & Jeugd ZHZ",1984,1987,-3
2022-02-09,"GGD Amsterdam",5107,5110,-3
2022-02-09,"GGD Brabant-Zuidoost",3685,3680,5
2022-02-09,"GGD Flevoland",1687,1688,-1
2022-02-09,"GGD Frysl√¢n",3484,3483,1
2022-02-09,"GGD Gelderland-Zuid",3215,3211,4
2022-02-09,"GGD Haaglanden",5010,5012,-2
2022-02-09,"GGD IJsselland",3208,3207,1
2022-02-09,"GGD Kennemerland",2349,2352,-3
2022-02-09,"GGD Noord- en Oost-Gelderland",4207,4206,1
2022-02-09,"GGD Regio Utrecht",7848,7849,-1
2022-02-09,"GGD Twente",3888,3887,1
2022-02-09,"GGD West-Brabant",3424,3422,2
2022-02-09,"GGD Zaanstreek/Waterland",1380,1381,-1
2022-02-09,"GGD Zeeland",1628,1629,-1
2022-02-09,"Veiligheids- en Gezondheidsregio Gelderland-Midden",3804,3803,1
2022-02-10,"Dienst Gezondheid & Jeugd ZHZ",2573,2574,-1
2022-02-10,"GGD Amsterdam",3875,3870,5
2022-02-10,"GGD Brabant-Zuidoost",3613,3610,3
2022-02-10,"GGD Frysl√¢n",4187,4188,-1
2022-02-10,"GGD Gelderland-Zuid",2981,2997,-16
2022-02-10,"GGD Gooi en Vechtstreek",1153,1152,1
2022-02-10,"GGD Groningen",3077,3078,-1
2022-02-10,"GGD Haaglanden",4302,4304,-2
2022-02-10,"GGD Hollands-Noorden",3096,3095,1
2022-02-10,"GGD IJsselland",3259,3258,1
2022-02-10,"GGD Kennemerland",2322,2323,-1
2022-02-10,"GGD Limburg-Noord",2354,2355,-1
2022-02-10,"GGD Noord- en Oost-Gelderland",4466,4468,-2
2022-02-10,"GGD Regio Utrecht",6421,6424,-3
2022-02-10,"GGD Twente",3612,3614,-2
2022-02-10,"GGD West-Brabant",2857,2856,1
2022-02-10,"GGD Zaanstreek/Waterland",1052,1053,-1
2022-02-10,"GGD Zeeland",1378,1379,-1
2022-02-10,"GGD Zuid-Limburg",2404,2403,1
2022-02-10,"Veiligheids- en Gezondheidsregio Gelderland-Midden",3511,3510,1
2022-02-11,"Dienst Gezondheid & Jeugd ZHZ",1531,1535,-4
2022-02-11,"GGD Amsterdam",3170,3169,1
2022-02-11,"GGD Brabant-Zuidoost",2903,2895,8
2022-02-11,"GGD Flevoland",1541,1542,-1
2022-02-11,"GGD Frysl√¢n",3900,3897,3
2022-02-11,"GGD Gelderland-Zuid",2699,2696,3
2022-02-11,"GGD Groningen",2827,2825,2
2022-02-11,"GGD Hart voor Brabant",4384,4383,1
2022-02-11,"GGD Hollands-Midden",3046,3047,-1
2022-02-11,"GGD Kennemerland",2299,2309,-10
2022-02-11,"GGD Noord- en Oost-Gelderland",4357,4356,1
2022-02-11,"GGD Regio Utrecht",6859,6862,-3
2022-02-11,"GGD Rotterdam-Rijnmond",3798,3794,4
2022-02-11,"GGD Twente",3414,3432,-18
2022-02-11,"GGD West-Brabant",2396,2397,-1
2022-02-11,"GGD Zaanstreek/Waterland",1129,1132,-3
2022-02-11,"GGD Zeeland",1266,1268,-2
2022-02-12,"GGD Amsterdam",2492,2489,3
2022-02-12,"GGD Brabant-Zuidoost",2307,2303,4
2022-02-12,"GGD Drenthe",2442,2441,1
2022-02-12,"GGD Frysl√¢n",3007,3001,6
2022-02-12,"GGD Gooi en Vechtstreek",630,628,2
2022-02-12,"GGD Haaglanden",3278,3279,-1
2022-02-12,"GGD Hart voor Brabant",3179,3178,1
2022-02-12,"GGD Hollands-Noorden",2067,2064,3
2022-02-12,"GGD IJsselland",2556,2553,3
2022-02-12,"GGD Kennemerland",1857,1861,-4
2022-02-12,"GGD Limburg-Noord",1105,1104,1
2022-02-12,"GGD Noord- en Oost-Gelderland",3456,3455,1
2022-02-12,"GGD Regio Utrecht",5128,5129,-1
2022-02-12,"GGD Rotterdam-Rijnmond",3457,3453,4
2022-02-12,"GGD Twente",2513,2515,-2
2022-02-12,"GGD West-Brabant",1910,1908,2
2022-02-12,"GGD Zaanstreek/Waterland",1176,1174,2
2022-02-12,"GGD Zeeland",1073,1075,-2
2022-02-12,"Veiligheids- en Gezondheidsregio Gelderland-Midden",2663,2655,8
2022-02-13,"Dienst Gezondheid & Jeugd ZHZ",1667,1668,-1
2022-02-13,"GGD Amsterdam",2741,2731,10
2022-02-13,"GGD Brabant-Zuidoost",2229,2226,3
2022-02-13,"GGD Drenthe",1933,1932,1
2022-02-13,"GGD Flevoland",1167,1164,3
2022-02-13,"GGD Frysl√¢n",2957,2956,1
2022-02-13,"GGD Gelderland-Zuid",2124,2118,6
2022-02-13,"GGD Groningen",2782,2781,1
2022-02-13,"GGD Haaglanden",3010,3011,-1
2022-02-13,"GGD Hart voor Brabant",3317,3314,3
2022-02-13,"GGD Hollands-Midden",2767,2766,1
2022-02-13,"GGD Hollands-Noorden",1845,1844,1
2022-02-13,"GGD IJsselland",2111,2110,1
2022-02-13,"GGD Kennemerland",1921,1920,1
2022-02-13,"GGD Limburg-Noord",1507,1505,2
2022-02-13,"GGD Noord- en Oost-Gelderland",3587,3581,6
2022-02-13,"GGD Rotterdam-Rijnmond",3048,3046,2
2022-02-13,"GGD Twente",2667,2664,3
2022-02-13,"GGD West-Brabant",1820,1821,-1
2022-02-13,"GGD Zaanstreek/Waterland",827,826,1
2022-02-13,"GGD Zeeland",1081,1082,-1
2022-02-13,"GGD Zuid-Limburg",1663,1664,-1
2022-02-13,"Veiligheids- en Gezondheidsregio Gelderland-Midden",2685,2680,5
2022-02-14,"Dienst Gezondheid & Jeugd ZHZ",1149,1150,-1
2022-02-14,"GGD Amsterdam",3040,3002,38
2022-02-14,"GGD Brabant-Zuidoost",2468,2473,-5
2022-02-14,"GGD Flevoland",1155,1151,4
2022-02-14,"GGD Frysl√¢n",2851,2849,2
2022-02-14,"GGD Gelderland-Zuid",1506,1515,-9
2022-02-14,"GGD Gooi en Vechtstreek",639,636,3
2022-02-14,"GGD Groningen",2244,2243,1
2022-02-14,"GGD Haaglanden",2527,2505,22
2022-02-14,"GGD Hart voor Brabant",3379,3364,15
2022-02-14,"GGD Hollands-Midden",2285,2282,3
2022-02-14,"GGD Hollands-Noorden",1532,1524,8
2022-02-14,"GGD IJsselland",2394,2388,6
2022-02-14,"GGD Kennemerland",1495,1498,-3
2022-02-14,"GGD Limburg-Noord",1507,1506,1
2022-02-14,"GGD Noord- en Oost-Gelderland",3088,3073,15
2022-02-14,"GGD Regio Utrecht",5695,5700,-5
2022-02-14,"GGD Rotterdam-Rijnmond",3162,3145,17
2022-02-14,"GGD Twente",2679,2670,9
2022-02-14,"GGD Zaanstreek/Waterland",831,826,5
2022-02-14,"GGD Zeeland",1222,1224,-2
2022-02-14,"GGD Zuid-Limburg",1291,1286,5
2022-02-14,"Veiligheids- en Gezondheidsregio Gelderland-Midden",2450,2440,10
2022-02-15,"Dienst Gezondheid & Jeugd ZHZ",1229,1228,1
2022-02-15,"GGD Amsterdam",3036,2979,57
2022-02-15,"GGD Brabant-Zuidoost",2127,2136,-9
2022-02-15,"GGD Flevoland",1211,1204,7
2022-02-15,"GGD Frysl√¢n",3458,3434,24
2022-02-15,"GGD Gelderland-Zuid",2571,2558,13
2022-02-15,"GGD Gooi en Vechtstreek",579,573,6
2022-02-15,"GGD Groningen",2389,2388,1
2022-02-15,"GGD Haaglanden",2905,2898,7
2022-02-15,"GGD Hart voor Brabant",3725,3718,7
2022-02-15,"GGD Hollands-Midden",2214,2210,4
2022-02-15,"GGD Hollands-Noorden",2470,2453,17
2022-02-15,"GGD IJsselland",2433,2424,9
2022-02-15,"GGD Kennemerland",1808,1794,14
2022-02-15,"GGD Limburg-Noord",1525,1518,7
2022-02-15,"GGD Noord- en Oost-Gelderland",3554,3542,12
2022-02-15,"GGD Regio Utrecht",6138,6141,-3
2022-02-15,"GGD Rotterdam-Rijnmond",3379,3352,27
2022-02-15,"GGD Twente",2733,2726,7
2022-02-15,"GGD West-Brabant",1997,1990,7
2022-02-15,"GGD Zaanstreek/Waterland",840,835,5
2022-02-15,"GGD Zuid-Limburg",1944,1942,2
2022-02-15,"Veiligheids- en Gezondheidsregio Gelderland-Midden",2913,2880,33
2022-02-16,"Dienst Gezondheid & Jeugd ZHZ",1659,1662,-3
2022-02-16,"GGD Amsterdam",2367,2267,100
2022-02-16,"GGD Brabant-Zuidoost",2664,2651,13
2022-02-16,"GGD Drenthe",1832,1830,2
2022-02-16,"GGD Flevoland",910,893,17
2022-02-16,"GGD Frysl√¢n",3040,3045,-5
2022-02-16,"GGD Gelderland-Zuid",2009,1992,17
2022-02-16,"GGD Gooi en Vechtstreek",794,783,11
2022-02-16,"GGD Groningen",2204,2196,8
2022-02-16,"GGD Haaglanden",2602,2597,5
2022-02-16,"GGD Hart voor Brabant",3286,3269,17
2022-02-16,"GGD Hollands-Midden",2705,2698,7
2022-02-16,"GGD Hollands-Noorden",1936,1924,12
2022-02-16,"GGD IJsselland",1857,1823,34
2022-02-16,"GGD Kennemerland",1357,1335,22
2022-02-16,"GGD Limburg-Noord",1402,1400,2
2022-02-16,"GGD Noord- en Oost-Gelderland",2955,2942,13
2022-02-16,"GGD Regio Utrecht",5208,5206,2
2022-02-16,"GGD Rotterdam-Rijnmond",3113,3066,47
2022-02-16,"GGD Twente",1798,1795,3
2022-02-16,"GGD West-Brabant",1833,1825,8
2022-02-16,"GGD Zaanstreek/Waterland",1027,1020,7
2022-02-16,"GGD Zeeland",1027,1018,9
2022-02-16,"GGD Zuid-Limburg",1652,1639,13
2022-02-16,"Veiligheids- en Gezondheidsregio Gelderland-Midden",2656,2629,27
2022-02-17,"Dienst Gezondheid & Jeugd ZHZ",866,862,4
2022-02-17,"GGD Amsterdam",1929,1796,133
2022-02-17,"GGD Brabant-Zuidoost",2253,2227,26
2022-02-17,"GGD Drenthe",1797,1795,2
2022-02-17,"GGD Flevoland",842,813,29
2022-02-17,"GGD Frysl√¢n",2247,2234,13
2022-02-17,"GGD Gelderland-Zuid",1954,1881,73
2022-02-17,"GGD Gooi en Vechtstreek",598,574,24
2022-02-17,"GGD Groningen",2527,2509,18
2022-02-17,"GGD Haaglanden",2809,2778,31
2022-02-17,"GGD Hart voor Brabant",3062,3030,32
2022-02-17,"GGD Hollands-Midden",2291,2278,13
2022-02-17,"GGD Hollands-Noorden",1824,1786,38
2022-02-17,"GGD IJsselland",1908,1833,75
2022-02-17,"GGD Kennemerland",1148,1113,35
2022-02-17,"GGD Limburg-Noord",1580,1568,12
2022-02-17,"GGD Noord- en Oost-Gelderland",2714,2678,36
2022-02-17,"GGD Regio Utrecht",4316,4262,54
2022-02-17,"GGD Rotterdam-Rijnmond",3012,2919,93
2022-02-17,"GGD Twente",1509,1473,36
2022-02-17,"GGD West-Brabant",1425,1408,17
2022-02-17,"GGD Zaanstreek/Waterland",658,649,9
2022-02-17,"GGD Zeeland",824,811,13
2022-02-17,"GGD Zuid-Limburg",1340,1333,7
2022-02-17,"Veiligheids- en Gezondheidsregio Gelderland-Midden",2410,2384,26
2022-02-18,"Dienst Gezondheid & Jeugd ZHZ",798,792,6
2022-02-18,"GGD Amsterdam",1387,1157,230
2022-02-18,"GGD Brabant-Zuidoost",1461,1435,26
2022-02-18,"GGD Drenthe",1429,1424,5
2022-02-18,"GGD Flevoland",567,504,63
2022-02-18,"GGD Frysl√¢n",2064,2018,46
2022-02-18,"GGD Gelderland-Zuid",1445,1343,102
2022-02-18,"GGD Gooi en Vechtstreek",403,371,32
2022-02-18,"GGD Groningen",1764,1738,26
2022-02-18,"GGD Haaglanden",1618,1558,60
2022-02-18,"GGD Hart voor Brabant",2136,2029,107
2022-02-18,"GGD Hollands-Midden",1582,1538,44
2022-02-18,"GGD Hollands-Noorden",1148,1061,87
2022-02-18,"GGD IJsselland",1799,1673,126
2022-02-18,"GGD Kennemerland",896,821,75
2022-02-18,"GGD Limburg-Noord",1059,1034,25
2022-02-18,"GGD Noord- en Oost-Gelderland",1778,1719,59
2022-02-18,"GGD Regio Utrecht",2800,2745,55
2022-02-18,"GGD Rotterdam-Rijnmond",1445,1277,168
2022-02-18,"GGD Twente",1225,1133,92
2022-02-18,"GGD West-Brabant",1117,1077,40
2022-02-18,"GGD Zaanstreek/Waterland",349,330,19
2022-02-18,"GGD Zeeland",495,475,20
2022-02-18,"GGD Zuid-Limburg",1211,1172,39
2022-02-18,"Veiligheids- en Gezondheidsregio Gelderland-Midden",1528,1467,61
2022-02-19,"Dienst Gezondheid & Jeugd ZHZ",754,743,11
2022-02-19,"GGD Amsterdam",1325,1162,163
2022-02-19,"GGD Brabant-Zuidoost",1720,1661,59
2022-02-19,"GGD Drenthe",875,871,4
2022-02-19,"GGD Flevoland",793,700,93
2022-02-19,"GGD Frysl√¢n",1662,1623,39
2022-02-19,"GGD Gelderland-Zuid",1155,961,194
2022-02-19,"GGD Gooi en Vechtstreek",279,195,84
2022-02-19,"GGD Groningen",1156,1120,36
2022-02-19,"GGD Haaglanden",1606,1512,94
2022-02-19,"GGD Hart voor Brabant",1690,1542,148
2022-02-19,"GGD Hollands-Midden",1401,1327,74
2022-02-19,"GGD Hollands-Noorden",1122,1075,47
2022-02-19,"GGD IJsselland",1044,983,61
2022-02-19,"GGD Kennemerland",924,752,172
2022-02-19,"GGD Limburg-Noord",838,789,49
2022-02-19,"GGD Noord- en Oost-Gelderland",1791,1698,93
2022-02-19,"GGD Regio Utrecht",2625,2591,34
2022-02-19,"GGD Rotterdam-Rijnmond",1306,1110,196
2022-02-19,"GGD Twente",921,790,131
2022-02-19,"GGD West-Brabant",1183,1132,51
2022-02-19,"GGD Zaanstreek/Waterland",496,468,28
2022-02-19,"GGD Zeeland",784,736,48
2022-02-19,"GGD Zuid-Limburg",882,813,69
2022-02-19,"Veiligheids- en Gezondheidsregio Gelderland-Midden",1456,1336,120
2022-02-20,"Dienst Gezondheid & Jeugd ZHZ",771,770,1
2022-02-20,"GGD Amsterdam",912,836,76
2022-02-20,"GGD Brabant-Zuidoost",1332,1355,-23
2022-02-20,"GGD Drenthe",1458,1453,5
2022-02-20,"GGD Flevoland",555,457,98
2022-02-20,"GGD Frysl√¢n",1794,1783,11
2022-02-20,"GGD Gelderland-Zuid",926,683,243
2022-02-20,"GGD Gooi en Vechtstreek",316,302,14
2022-02-20,"GGD Groningen",1615,1576,39
2022-02-20,"GGD Haaglanden",1809,1704,105
2022-02-20,"GGD Hart voor Brabant",1606,1630,-24
2022-02-20,"GGD Hollands-Midden",1363,1311,52
2022-02-20,"GGD Hollands-Noorden",1221,1259,-38
2022-02-20,"GGD IJsselland",890,943,-53
2022-02-20,"GGD Kennemerland",646,449,197
2022-02-20,"GGD Limburg-Noord",902,843,59
2022-02-20,"GGD Noord- en Oost-Gelderland",2417,2586,-169
2022-02-20,"GGD Regio Utrecht",3359,3373,-14
2022-02-20,"GGD Rotterdam-Rijnmond",1162,1297,-135
2022-02-20,"GGD Twente",915,851,64
2022-02-20,"GGD West-Brabant",798,741,57
2022-02-20,"GGD Zaanstreek/Waterland",484,513,-29
2022-02-20,"GGD Zeeland",507,466,41
2022-02-20,"GGD Zuid-Limburg",694,633,61
2022-02-20,"Veiligheids- en Gezondheidsregio Gelderland-Midden",1681,1712,-31
2022-02-21,"Dienst Gezondheid & Jeugd ZHZ",561,560,1
2022-02-21,"GGD Amsterdam",889,1584,-695
2022-02-21,"GGD Brabant-Zuidoost",1748,1812,-64
2022-02-21,"GGD Drenthe",1003,1013,-10
2022-02-21,"GGD Flevoland",436,718,-282
2022-02-21,"GGD Frysl√¢n",1706,1736,-30
2022-02-21,"GGD Gelderland-Zuid",607,834,-227
2022-02-21,"GGD Gooi en Vechtstreek",230,312,-82
2022-02-21,"GGD Groningen",905,870,35
2022-02-21,"GGD Haaglanden",1620,1830,-210
2022-02-21,"GGD Hart voor Brabant",1413,1453,-40
2022-02-21,"GGD Hollands-Midden",1252,1348,-96
2022-02-21,"GGD Hollands-Noorden",833,847,-14
2022-02-21,"GGD IJsselland",771,849,-78
2022-02-21,"GGD Kennemerland",506,994,-488
2022-02-21,"GGD Limburg-Noord",1019,1107,-88
2022-02-21,"GGD Noord- en Oost-Gelderland",1944,2040,-96
2022-02-21,"GGD Regio Utrecht",2691,2693,-2
2022-02-21,"GGD Rotterdam-Rijnmond",1468,1865,-397
2022-02-21,"GGD Twente",819,1095,-276
2022-02-21,"GGD West-Brabant",853,1019,-166
2022-02-21,"GGD Zaanstreek/Waterland",404,439,-35
2022-02-21,"GGD Zeeland",614,735,-121
2022-02-21,"GGD Zuid-Limburg",921,984,-63
2022-02-21,"Veiligheids- en Gezondheidsregio Gelderland-Midden",1503,1644,-141
2022-02-22,"Dienst Gezondheid & Jeugd ZHZ",860,168,692
2022-02-22,"GGD Amsterdam",2051,14,2037
2022-02-22,"GGD Brabant-Zuidoost",1692,10,1682
2022-02-22,"GGD Drenthe",1445,201,1244
2022-02-22,"GGD Flevoland",719,40,679
2022-02-22,"GGD Frysl√¢n",2068,55,2013
2022-02-22,"GGD Gelderland-Zuid",1532,497,1035
2022-02-22,"GGD Gooi en Vechtstreek",331,25,306
2022-02-22,"GGD Groningen",1973,616,1357
2022-02-22,"GGD Haaglanden",2257,379,1878
2022-02-22,"GGD Hart voor Brabant",2112,197,1915
2022-02-22,"GGD Hollands-Midden",2073,489,1584
2022-02-22,"GGD Hollands-Noorden",1451,145,1306
2022-02-22,"GGD IJsselland",1562,194,1368
2022-02-22,"GGD Kennemerland",1096,56,1040
2022-02-22,"GGD Limburg-Noord",984,16,968
2022-02-22,"GGD Noord- en Oost-Gelderland",2338,458,1880
2022-02-22,"GGD Regio Utrecht",4105,186,3919
2022-02-22,"GGD Rotterdam-Rijnmond",2306,127,2179
2022-02-22,"GGD Twente",1513,241,1272
2022-02-22,"GGD West-Brabant",1172,274,898
2022-02-22,"GGD Zaanstreek/Waterland",441,53,388
2022-02-22,"GGD Zeeland",957,1,956
2022-02-22,"GGD Zuid-Limburg",1341,316,1025
2022-02-22,"Veiligheids- en Gezondheidsregio Gelderland-Midden",1941,338,1603
