"Date_statistics","Municipal_health_service","cases.today","cases.yesterday","diff"
2020-12-20,"GGD Amsterdam",451,450,1
2020-12-21,"GGD Limburg-Noord",440,439,1
2020-12-24,"GGD Rotterdam-Rijnmond",534,536,-2
2021-02-17,"GGD Noord- en Oost-Gelderland",154,153,1
2021-02-21,"GGD Groningen",145,146,-1
2021-03-04,"GGD Drenthe",104,103,1
2021-03-23,"GGD Rotterdam-Rijnmond",796,795,1
2021-03-24,"GGD Gelderland-Zuid",260,259,1
2021-03-30,"GGD Gelderland-Zuid",257,258,-1
2021-04-07,"GGD Drenthe",153,152,1
2021-04-12,"GGD Rotterdam-Rijnmond",815,814,1
2021-07-06,"GGD Hollands-Midden",519,521,-2
2021-07-07,"GGD Hollands-Midden",547,548,-1
2021-07-16,"GGD Zeeland",99,98,1
2021-07-21,"GGD Amsterdam",435,434,1
2021-08-23,"GGD Regio Utrecht",223,224,-1
2021-10-03,"GGD Regio Utrecht",221,220,1
2021-10-05,"GGD Regio Utrecht",247,248,-1
2021-10-11,"GGD Fryslân",172,173,-1
2021-10-16,"GGD Regio Utrecht",334,332,2
2021-10-17,"GGD Regio Utrecht",322,321,1
2021-10-18,"GGD Hollands-Midden",368,367,1
2021-10-20,"GGD Regio Utrecht",504,502,2
2021-10-21,"GGD Regio Utrecht",473,477,-4
2021-10-22,"GGD Regio Utrecht",425,426,-1
2021-10-23,"GGD Regio Utrecht",504,502,2
2021-10-24,"GGD Regio Utrecht",503,504,-1
2021-10-25,"GGD Regio Utrecht",593,594,-1
2021-10-27,"GGD Hollands-Midden",450,451,-1
2021-10-28,"GGD Regio Utrecht",690,689,1
2021-11-03,"GGD Fryslân",479,480,-1
2021-11-07,"GGD Kennemerland",414,413,1
2021-11-08,"GGD Gooi en Vechtstreek",273,272,1
2021-11-10,"GGD Gooi en Vechtstreek",283,284,-1
2021-11-11,"GGD Fryslân",659,660,-1
2021-11-11,"GGD Kennemerland",481,479,2
2021-11-11,"GGD Noord- en Oost-Gelderland",960,958,2
2021-11-11,"GGD Rotterdam-Rijnmond",1242,1241,1
2021-11-12,"GGD Brabant-Zuidoost",867,866,1
2021-11-12,"GGD Kennemerland",588,585,3
2021-11-12,"GGD Regio Utrecht",1563,1562,1
2021-11-12,"GGD Zeeland",582,581,1
2021-11-13,"GGD Kennemerland",600,601,-1
2021-11-14,"GGD Amsterdam",1018,1019,-1
2021-11-14,"GGD Kennemerland",603,602,1
2021-11-14,"GGD Limburg-Noord",1040,1039,1
2021-11-14,"GGD Rotterdam-Rijnmond",1270,1269,1
2021-11-15,"GGD Brabant-Zuidoost",1118,1117,1
2021-11-15,"GGD Kennemerland",766,763,3
2021-11-15,"GGD Zeeland",485,484,1
2021-11-16,"GGD Brabant-Zuidoost",927,929,-2
2021-11-16,"GGD Kennemerland",665,669,-4
2021-11-16,"GGD Zeeland",541,542,-1
2021-11-17,"GGD Brabant-Zuidoost",1003,1004,-1
2021-11-17,"GGD Rotterdam-Rijnmond",1783,1782,1
2021-11-18,"GGD Haaglanden",1108,1107,1
2021-11-18,"GGD Hollands-Midden",1062,1063,-1
2021-11-18,"GGD Kennemerland",693,697,-4
2021-11-18,"GGD Rotterdam-Rijnmond",1724,1723,1
2021-11-19,"GGD Gelderland-Zuid",786,785,1
2021-11-19,"GGD Gooi en Vechtstreek",314,313,1
2021-11-19,"GGD Rotterdam-Rijnmond",1667,1665,2
2021-11-20,"GGD Brabant-Zuidoost",980,981,-1
2021-11-20,"GGD Haaglanden",1143,1144,-1
2021-11-20,"GGD Limburg-Noord",1075,1074,1
2021-11-20,"GGD Regio Utrecht",1719,1718,1
2021-11-20,"GGD Rotterdam-Rijnmond",1460,1457,3
2021-11-21,"GGD Amsterdam",1009,1008,1
2021-11-21,"GGD Rotterdam-Rijnmond",1420,1419,1
2021-11-22,"GGD Amsterdam",1150,1149,1
2021-11-22,"GGD Brabant-Zuidoost",1080,1079,1
2021-11-22,"GGD Gooi en Vechtstreek",347,348,-1
2021-11-22,"GGD Hart voor Brabant",1706,1709,-3
2021-11-22,"GGD Rotterdam-Rijnmond",1626,1622,4
2021-11-22,"GGD Zuid-Limburg",1250,1249,1
2021-11-23,"GGD Amsterdam",1075,1076,-1
2021-11-23,"GGD Brabant-Zuidoost",986,985,1
2021-11-23,"GGD Gelderland-Zuid",720,719,1
2021-11-23,"GGD Hart voor Brabant",1480,1481,-1
2021-11-23,"GGD Limburg-Noord",1035,1034,1
2021-11-23,"GGD Regio Utrecht",1893,1891,2
2021-11-23,"GGD Rotterdam-Rijnmond",1488,1486,2
2021-11-23,"GGD Zuid-Limburg",1548,1547,1
2021-11-24,"GGD Amsterdam",1029,1028,1
2021-11-24,"GGD Gooi en Vechtstreek",350,349,1
2021-11-24,"GGD Hart voor Brabant",1640,1641,-1
2021-11-24,"GGD Rotterdam-Rijnmond",1455,1456,-1
2021-11-25,"GGD Drenthe",394,393,1
2021-11-25,"GGD Gooi en Vechtstreek",280,281,-1
2021-11-25,"GGD Hart voor Brabant",1432,1433,-1
2021-11-25,"GGD Kennemerland",689,688,1
2021-11-26,"GGD Amsterdam",1019,1018,1
2021-11-26,"GGD Fryslân",825,824,1
2021-11-26,"GGD Gooi en Vechtstreek",333,332,1
2021-11-26,"GGD Hollands-Midden",1146,1145,1
2021-11-26,"GGD Regio Utrecht",1690,1689,1
2021-11-26,"GGD Rotterdam-Rijnmond",1509,1507,2
2021-11-26,"GGD Zeeland",667,668,-1
2021-11-27,"GGD Gooi en Vechtstreek",302,301,1
2021-11-27,"GGD Hart voor Brabant",1311,1312,-1
2021-11-27,"GGD Noord- en Oost-Gelderland",925,924,1
2021-11-27,"GGD Rotterdam-Rijnmond",1294,1293,1
2021-11-27,"GGD Zeeland",660,659,1
2021-11-28,"GGD Gelderland-Zuid",781,780,1
2021-11-28,"GGD Rotterdam-Rijnmond",1345,1348,-3
2021-11-29,"Dienst Gezondheid & Jeugd ZHZ",608,603,5
2021-11-29,"GGD Amsterdam",1158,1157,1
2021-11-29,"GGD Gooi en Vechtstreek",351,352,-1
2021-11-29,"GGD Groningen",463,464,-1
2021-11-29,"GGD Hollands-Midden",823,822,1
2021-11-29,"GGD Kennemerland",729,730,-1
2021-11-30,"GGD Amsterdam",978,977,1
2021-11-30,"GGD Brabant-Zuidoost",967,966,1
2021-11-30,"GGD Haaglanden",1106,1105,1
2021-11-30,"GGD Hollands-Noorden",787,788,-1
2021-11-30,"GGD Rotterdam-Rijnmond",1586,1584,2
2021-12-01,"GGD Amsterdam",1011,1007,4
2021-12-01,"GGD Brabant-Zuidoost",966,967,-1
2021-12-01,"GGD Drenthe",488,487,1
2021-12-01,"GGD Fryslân",833,834,-1
2021-12-01,"GGD Gelderland-Zuid",679,678,1
2021-12-01,"GGD Haaglanden",1129,1128,1
2021-12-01,"GGD Hart voor Brabant",1223,1226,-3
2021-12-01,"GGD Hollands-Noorden",739,738,1
2021-12-01,"GGD Noord- en Oost-Gelderland",851,850,1
2021-12-01,"GGD Rotterdam-Rijnmond",1478,1474,4
2021-12-01,"Veiligheids- en Gezondheidsregio Gelderland-Midden",752,753,-1
2021-12-02,"Dienst Gezondheid & Jeugd ZHZ",575,571,4
2021-12-02,"GGD Amsterdam",908,906,2
2021-12-02,"GGD Brabant-Zuidoost",849,848,1
2021-12-02,"GGD Fryslân",732,723,9
2021-12-02,"GGD Groningen",411,410,1
2021-12-02,"GGD Haaglanden",1137,1136,1
2021-12-02,"GGD Rotterdam-Rijnmond",1433,1428,5
2021-12-02,"GGD Zaanstreek/Waterland",369,367,2
2021-12-02,"GGD Zeeland",602,601,1
2021-12-02,"GGD Zuid-Limburg",1110,1108,2
2021-12-02,"Veiligheids- en Gezondheidsregio Gelderland-Midden",710,709,1
2021-12-03,"Dienst Gezondheid & Jeugd ZHZ",506,504,2
2021-12-03,"GGD Amsterdam",825,823,2
2021-12-03,"GGD Brabant-Zuidoost",891,890,1
2021-12-03,"GGD Fryslân",707,706,1
2021-12-03,"GGD Kennemerland",525,524,1
2021-12-03,"GGD Regio Utrecht",2038,2037,1
2021-12-03,"GGD Rotterdam-Rijnmond",1455,1446,9
2021-12-03,"Veiligheids- en Gezondheidsregio Gelderland-Midden",690,689,1
2021-12-04,"Dienst Gezondheid & Jeugd ZHZ",506,505,1
2021-12-04,"GGD Amsterdam",848,847,1
2021-12-04,"GGD Haaglanden",1219,1217,2
2021-12-04,"GGD Hart voor Brabant",1269,1268,1
2021-12-04,"GGD Hollands-Noorden",721,720,1
2021-12-04,"GGD Rotterdam-Rijnmond",1244,1240,4
2021-12-04,"GGD Zaanstreek/Waterland",327,323,4
2021-12-04,"GGD Zuid-Limburg",971,972,-1
2021-12-05,"GGD Amsterdam",847,845,2
2021-12-05,"GGD Brabant-Zuidoost",1006,1004,2
2021-12-05,"GGD Fryslân",661,662,-1
2021-12-05,"GGD Gooi en Vechtstreek",243,242,1
2021-12-05,"GGD Hart voor Brabant",1493,1494,-1
2021-12-05,"GGD Rotterdam-Rijnmond",1259,1249,10
2021-12-06,"GGD Amsterdam",909,911,-2
2021-12-06,"GGD Brabant-Zuidoost",829,826,3
2021-12-06,"GGD Gelderland-Zuid",565,564,1
2021-12-06,"GGD Gooi en Vechtstreek",298,297,1
2021-12-06,"GGD Groningen",435,436,-1
2021-12-06,"GGD Haaglanden",1009,1008,1
2021-12-06,"GGD Hart voor Brabant",1585,1586,-1
2021-12-06,"GGD Hollands-Midden",779,776,3
2021-12-06,"GGD Hollands-Noorden",690,689,1
2021-12-06,"GGD Kennemerland",620,619,1
2021-12-06,"GGD Noord- en Oost-Gelderland",805,803,2
2021-12-06,"GGD Rotterdam-Rijnmond",1455,1447,8
2021-12-06,"GGD Zeeland",519,517,2
2021-12-07,"GGD Amsterdam",872,874,-2
2021-12-07,"GGD Brabant-Zuidoost",974,965,9
2021-12-07,"GGD Flevoland",415,414,1
2021-12-07,"GGD Gelderland-Zuid",534,535,-1
2021-12-07,"GGD Gooi en Vechtstreek",292,293,-1
2021-12-07,"GGD Haaglanden",963,964,-1
2021-12-07,"GGD Hart voor Brabant",1258,1257,1
2021-12-07,"GGD Hollands-Midden",836,837,-1
2021-12-07,"GGD Rotterdam-Rijnmond",1323,1322,1
2021-12-07,"GGD Zeeland",506,507,-1
2021-12-07,"Veiligheids- en Gezondheidsregio Gelderland-Midden",702,701,1
2021-12-08,"GGD Amsterdam",835,840,-5
2021-12-08,"GGD Brabant-Zuidoost",931,921,10
2021-12-08,"GGD Flevoland",393,391,2
2021-12-08,"GGD Groningen",414,416,-2
2021-12-08,"GGD Hollands-Midden",763,761,2
2021-12-08,"GGD Hollands-Noorden",665,664,1
2021-12-08,"GGD Regio Utrecht",1673,1672,1
2021-12-08,"GGD Rotterdam-Rijnmond",1312,1308,4
2021-12-08,"GGD Twente",522,521,1
2021-12-08,"GGD Zaanstreek/Waterland",320,319,1
2021-12-08,"Veiligheids- en Gezondheidsregio Gelderland-Midden",597,598,-1
2021-12-09,"GGD Amsterdam",696,699,-3
2021-12-09,"GGD Brabant-Zuidoost",739,743,-4
2021-12-09,"GGD Drenthe",342,340,2
2021-12-09,"GGD Gooi en Vechtstreek",254,256,-2
2021-12-09,"GGD Hart voor Brabant",1089,1088,1
2021-12-09,"GGD Hollands-Noorden",599,600,-1
2021-12-09,"GGD IJsselland",410,409,1
2021-12-09,"GGD Kennemerland",471,470,1
2021-12-09,"GGD Noord- en Oost-Gelderland",710,708,2
2021-12-09,"GGD Rotterdam-Rijnmond",1220,1218,2
2021-12-09,"GGD Twente",481,480,1
2021-12-09,"GGD Zaanstreek/Waterland",288,287,1
2021-12-09,"GGD Zeeland",382,381,1
2021-12-09,"Veiligheids- en Gezondheidsregio Gelderland-Midden",537,533,4
2021-12-10,"Dienst Gezondheid & Jeugd ZHZ",389,388,1
2021-12-10,"GGD Amsterdam",706,704,2
2021-12-10,"GGD Brabant-Zuidoost",531,533,-2
2021-12-10,"GGD Drenthe",350,348,2
2021-12-10,"GGD Flevoland",362,363,-1
2021-12-10,"GGD Haaglanden",901,900,1
2021-12-10,"GGD Hart voor Brabant",927,924,3
2021-12-10,"GGD Hollands-Midden",648,647,1
2021-12-10,"GGD Noord- en Oost-Gelderland",750,748,2
2021-12-10,"GGD Rotterdam-Rijnmond",1212,1210,2
2021-12-10,"GGD Twente",483,484,-1
2021-12-10,"GGD Zuid-Limburg",617,614,3
2021-12-10,"Veiligheids- en Gezondheidsregio Gelderland-Midden",532,533,-1
2021-12-11,"Dienst Gezondheid & Jeugd ZHZ",377,376,1
2021-12-11,"GGD Amsterdam",613,610,3
2021-12-11,"GGD Drenthe",341,340,1
2021-12-11,"GGD Flevoland",348,346,2
2021-12-11,"GGD Fryslân",567,565,2
2021-12-11,"GGD Gelderland-Zuid",449,446,3
2021-12-11,"GGD Groningen",347,346,1
2021-12-11,"GGD Haaglanden",788,787,1
2021-12-11,"GGD Hollands-Noorden",651,648,3
2021-12-11,"GGD Noord- en Oost-Gelderland",640,639,1
2021-12-11,"GGD Regio Utrecht",1424,1422,2
2021-12-11,"GGD Rotterdam-Rijnmond",1061,1057,4
2021-12-11,"GGD Twente",451,453,-2
2021-12-11,"GGD Zaanstreek/Waterland",267,262,5
2021-12-12,"Dienst Gezondheid & Jeugd ZHZ",385,383,2
2021-12-12,"GGD Amsterdam",749,748,1
2021-12-12,"GGD Drenthe",327,326,1
2021-12-12,"GGD Flevoland",358,357,1
2021-12-12,"GGD Fryslân",581,582,-1
2021-12-12,"GGD Gelderland-Zuid",407,406,1
2021-12-12,"GGD Haaglanden",779,778,1
2021-12-12,"GGD Hollands-Noorden",532,531,1
2021-12-12,"GGD IJsselland",445,444,1
2021-12-12,"GGD Kennemerland",484,483,1
2021-12-12,"GGD Noord- en Oost-Gelderland",591,589,2
2021-12-12,"GGD West-Brabant",557,556,1
2021-12-12,"GGD Zaanstreek/Waterland",242,239,3
2021-12-12,"Veiligheids- en Gezondheidsregio Gelderland-Midden",469,463,6
2021-12-13,"Dienst Gezondheid & Jeugd ZHZ",433,429,4
2021-12-13,"GGD Amsterdam",825,814,11
2021-12-13,"GGD Brabant-Zuidoost",631,630,1
2021-12-13,"GGD Drenthe",381,380,1
2021-12-13,"GGD Fryslân",676,674,2
2021-12-13,"GGD Gooi en Vechtstreek",253,252,1
2021-12-13,"GGD Groningen",367,363,4
2021-12-13,"GGD Haaglanden",878,873,5
2021-12-13,"GGD Hart voor Brabant",902,898,4
2021-12-13,"GGD Hollands-Midden",633,631,2
2021-12-13,"GGD Hollands-Noorden",629,630,-1
2021-12-13,"GGD IJsselland",483,480,3
2021-12-13,"GGD Kennemerland",534,528,6
2021-12-13,"GGD Limburg-Noord",475,473,2
2021-12-13,"GGD Noord- en Oost-Gelderland",638,636,2
2021-12-13,"GGD Regio Utrecht",869,868,1
2021-12-13,"GGD Rotterdam-Rijnmond",1192,1174,18
2021-12-13,"GGD Twente",476,475,1
2021-12-13,"GGD West-Brabant",663,658,5
2021-12-13,"GGD Zaanstreek/Waterland",286,279,7
2021-12-13,"GGD Zeeland",383,382,1
2021-12-13,"GGD Zuid-Limburg",603,600,3
2021-12-13,"Veiligheids- en Gezondheidsregio Gelderland-Midden",499,494,5
2021-12-14,"Dienst Gezondheid & Jeugd ZHZ",449,448,1
2021-12-14,"GGD Amsterdam",837,828,9
2021-12-14,"GGD Brabant-Zuidoost",551,549,2
2021-12-14,"GGD Drenthe",376,375,1
2021-12-14,"GGD Flevoland",364,361,3
2021-12-14,"GGD Fryslân",679,676,3
2021-12-14,"GGD Gelderland-Zuid",430,426,4
2021-12-14,"GGD Gooi en Vechtstreek",250,248,2
2021-12-14,"GGD Haaglanden",1049,1038,11
2021-12-14,"GGD Hart voor Brabant",870,864,6
2021-12-14,"GGD Hollands-Midden",630,627,3
2021-12-14,"GGD Hollands-Noorden",597,590,7
2021-12-14,"GGD IJsselland",446,444,2
2021-12-14,"GGD Kennemerland",470,467,3
2021-12-14,"GGD Noord- en Oost-Gelderland",667,659,8
2021-12-14,"GGD Regio Utrecht",976,974,2
2021-12-14,"GGD Rotterdam-Rijnmond",1173,1166,7
2021-12-14,"GGD Twente",440,438,2
2021-12-14,"GGD West-Brabant",609,608,1
2021-12-14,"GGD Zaanstreek/Waterland",282,272,10
2021-12-14,"Veiligheids- en Gezondheidsregio Gelderland-Midden",540,537,3
2021-12-15,"Dienst Gezondheid & Jeugd ZHZ",426,425,1
2021-12-15,"GGD Amsterdam",788,783,5
2021-12-15,"GGD Brabant-Zuidoost",606,603,3
2021-12-15,"GGD Drenthe",303,300,3
2021-12-15,"GGD Flevoland",351,346,5
2021-12-15,"GGD Fryslân",583,579,4
2021-12-15,"GGD Gelderland-Zuid",402,401,1
2021-12-15,"GGD Gooi en Vechtstreek",206,204,2
2021-12-15,"GGD Groningen",356,353,3
2021-12-15,"GGD Haaglanden",830,825,5
2021-12-15,"GGD Hart voor Brabant",808,799,9
2021-12-15,"GGD Hollands-Midden",616,609,7
2021-12-15,"GGD Hollands-Noorden",605,604,1
2021-12-15,"GGD IJsselland",438,432,6
2021-12-15,"GGD Kennemerland",495,490,5
2021-12-15,"GGD Limburg-Noord",372,370,2
2021-12-15,"GGD Noord- en Oost-Gelderland",541,536,5
2021-12-15,"GGD Regio Utrecht",937,927,10
2021-12-15,"GGD Rotterdam-Rijnmond",1000,983,17
2021-12-15,"GGD Twente",494,492,2
2021-12-15,"GGD West-Brabant",546,545,1
2021-12-15,"GGD Zaanstreek/Waterland",275,247,28
2021-12-15,"GGD Zeeland",328,327,1
2021-12-15,"GGD Zuid-Limburg",503,497,6
2021-12-15,"Veiligheids- en Gezondheidsregio Gelderland-Midden",445,446,-1
2021-12-16,"Dienst Gezondheid & Jeugd ZHZ",398,394,4
2021-12-16,"GGD Amsterdam",657,633,24
2021-12-16,"GGD Brabant-Zuidoost",505,500,5
2021-12-16,"GGD Drenthe",313,311,2
2021-12-16,"GGD Flevoland",334,327,7
2021-12-16,"GGD Fryslân",498,495,3
2021-12-16,"GGD Groningen",335,333,2
2021-12-16,"GGD Haaglanden",774,758,16
2021-12-16,"GGD Hart voor Brabant",742,729,13
2021-12-16,"GGD Hollands-Midden",553,537,16
2021-12-16,"GGD Hollands-Noorden",431,419,12
2021-12-16,"GGD IJsselland",364,361,3
2021-12-16,"GGD Kennemerland",350,345,5
2021-12-16,"GGD Limburg-Noord",344,336,8
2021-12-16,"GGD Noord- en Oost-Gelderland",547,532,15
2021-12-16,"GGD Regio Utrecht",1094,1089,5
2021-12-16,"GGD Rotterdam-Rijnmond",870,847,23
2021-12-16,"GGD Twente",391,388,3
2021-12-16,"GGD West-Brabant",491,479,12
2021-12-16,"GGD Zaanstreek/Waterland",221,209,12
2021-12-16,"GGD Zeeland",332,327,5
2021-12-16,"GGD Zuid-Limburg",477,469,8
2021-12-16,"Veiligheids- en Gezondheidsregio Gelderland-Midden",486,480,6
2021-12-17,"Dienst Gezondheid & Jeugd ZHZ",343,334,9
2021-12-17,"GGD Amsterdam",720,693,27
2021-12-17,"GGD Brabant-Zuidoost",482,467,15
2021-12-17,"GGD Drenthe",324,318,6
2021-12-17,"GGD Flevoland",339,324,15
2021-12-17,"GGD Fryslân",537,526,11
2021-12-17,"GGD Gelderland-Zuid",290,284,6
2021-12-17,"GGD Gooi en Vechtstreek",199,194,5
2021-12-17,"GGD Groningen",310,297,13
2021-12-17,"GGD Haaglanden",818,787,31
2021-12-17,"GGD Hart voor Brabant",669,647,22
2021-12-17,"GGD Hollands-Midden",514,490,24
2021-12-17,"GGD Hollands-Noorden",472,460,12
2021-12-17,"GGD IJsselland",317,312,5
2021-12-17,"GGD Kennemerland",418,402,16
2021-12-17,"GGD Limburg-Noord",346,336,10
2021-12-17,"GGD Noord- en Oost-Gelderland",533,495,38
2021-12-17,"GGD Regio Utrecht",1357,1339,18
2021-12-17,"GGD Rotterdam-Rijnmond",795,750,45
2021-12-17,"GGD Twente",392,388,4
2021-12-17,"GGD West-Brabant",489,478,11
2021-12-17,"GGD Zaanstreek/Waterland",215,237,-22
2021-12-17,"GGD Zeeland",282,275,7
2021-12-17,"GGD Zuid-Limburg",399,379,20
2021-12-17,"Veiligheids- en Gezondheidsregio Gelderland-Midden",451,444,7
2021-12-18,"Dienst Gezondheid & Jeugd ZHZ",285,269,16
2021-12-18,"GGD Amsterdam",710,654,56
2021-12-18,"GGD Brabant-Zuidoost",476,461,15
2021-12-18,"GGD Drenthe",272,263,9
2021-12-18,"GGD Flevoland",302,279,23
2021-12-18,"GGD Fryslân",550,518,32
2021-12-18,"GGD Gelderland-Zuid",356,343,13
2021-12-18,"GGD Gooi en Vechtstreek",190,176,14
2021-12-18,"GGD Groningen",297,278,19
2021-12-18,"GGD Haaglanden",691,650,41
2021-12-18,"GGD Hart voor Brabant",681,633,48
2021-12-18,"GGD Hollands-Midden",512,487,25
2021-12-18,"GGD Hollands-Noorden",427,386,41
2021-12-18,"GGD IJsselland",302,287,15
2021-12-18,"GGD Kennemerland",394,363,31
2021-12-18,"GGD Limburg-Noord",316,301,15
2021-12-18,"GGD Noord- en Oost-Gelderland",486,437,49
2021-12-18,"GGD Regio Utrecht",1446,1403,43
2021-12-18,"GGD Rotterdam-Rijnmond",595,540,55
2021-12-18,"GGD Twente",366,347,19
2021-12-18,"GGD West-Brabant",475,455,20
2021-12-18,"GGD Zaanstreek/Waterland",210,203,7
2021-12-18,"GGD Zeeland",289,270,19
2021-12-18,"GGD Zuid-Limburg",417,393,24
2021-12-18,"Veiligheids- en Gezondheidsregio Gelderland-Midden",412,398,14
2021-12-19,"Dienst Gezondheid & Jeugd ZHZ",298,273,25
2021-12-19,"GGD Amsterdam",671,580,91
2021-12-19,"GGD Brabant-Zuidoost",445,405,40
2021-12-19,"GGD Drenthe",249,224,25
2021-12-19,"GGD Flevoland",283,243,40
2021-12-19,"GGD Fryslân",453,405,48
2021-12-19,"GGD Gelderland-Zuid",282,258,24
2021-12-19,"GGD Gooi en Vechtstreek",185,163,22
2021-12-19,"GGD Groningen",308,272,36
2021-12-19,"GGD Haaglanden",680,582,98
2021-12-19,"GGD Hart voor Brabant",624,545,79
2021-12-19,"GGD Hollands-Midden",397,351,46
2021-12-19,"GGD Hollands-Noorden",398,341,57
2021-12-19,"GGD IJsselland",278,241,37
2021-12-19,"GGD Kennemerland",350,278,72
2021-12-19,"GGD Limburg-Noord",264,237,27
2021-12-19,"GGD Noord- en Oost-Gelderland",472,410,62
2021-12-19,"GGD Regio Utrecht",1126,1066,60
2021-12-19,"GGD Rotterdam-Rijnmond",470,374,96
2021-12-19,"GGD Twente",281,248,33
2021-12-19,"GGD West-Brabant",408,360,48
2021-12-19,"GGD Zaanstreek/Waterland",189,214,-25
2021-12-19,"GGD Zeeland",239,216,23
2021-12-19,"GGD Zuid-Limburg",360,316,44
2021-12-19,"Veiligheids- en Gezondheidsregio Gelderland-Midden",354,322,32
2021-12-20,"Dienst Gezondheid & Jeugd ZHZ",306,269,37
2021-12-20,"GGD Amsterdam",698,488,210
2021-12-20,"GGD Brabant-Zuidoost",454,352,102
2021-12-20,"GGD Drenthe",242,180,62
2021-12-20,"GGD Flevoland",269,184,85
2021-12-20,"GGD Fryslân",398,298,100
2021-12-20,"GGD Gelderland-Zuid",273,197,76
2021-12-20,"GGD Gooi en Vechtstreek",166,132,34
2021-12-20,"GGD Groningen",274,197,77
2021-12-20,"GGD Haaglanden",626,478,148
2021-12-20,"GGD Hart voor Brabant",559,434,125
2021-12-20,"GGD Hollands-Midden",450,336,114
2021-12-20,"GGD Hollands-Noorden",323,224,99
2021-12-20,"GGD IJsselland",219,169,50
2021-12-20,"GGD Kennemerland",322,216,106
2021-12-20,"GGD Limburg-Noord",245,182,63
2021-12-20,"GGD Noord- en Oost-Gelderland",388,309,79
2021-12-20,"GGD Regio Utrecht",705,584,121
2021-12-20,"GGD Rotterdam-Rijnmond",867,678,189
2021-12-20,"GGD Twente",256,201,55
2021-12-20,"GGD West-Brabant",401,312,89
2021-12-20,"GGD Zaanstreek/Waterland",126,100,26
2021-12-20,"GGD Zeeland",276,229,47
2021-12-20,"GGD Zuid-Limburg",359,271,88
2021-12-20,"Veiligheids- en Gezondheidsregio Gelderland-Midden",309,246,63
2021-12-21,"Dienst Gezondheid & Jeugd ZHZ",166,119,47
2021-12-21,"GGD Amsterdam",595,396,199
2021-12-21,"GGD Brabant-Zuidoost",383,261,122
2021-12-21,"GGD Drenthe",212,155,57
2021-12-21,"GGD Flevoland",174,95,79
2021-12-21,"GGD Fryslân",337,165,172
2021-12-21,"GGD Gelderland-Zuid",221,141,80
2021-12-21,"GGD Gooi en Vechtstreek",148,80,68
2021-12-21,"GGD Groningen",200,134,66
2021-12-21,"GGD Haaglanden",560,349,211
2021-12-21,"GGD Hart voor Brabant",453,281,172
2021-12-21,"GGD Hollands-Midden",344,222,122
2021-12-21,"GGD Hollands-Noorden",209,133,76
2021-12-21,"GGD IJsselland",189,138,51
2021-12-21,"GGD Kennemerland",206,113,93
2021-12-21,"GGD Limburg-Noord",158,105,53
2021-12-21,"GGD Noord- en Oost-Gelderland",355,352,3
2021-12-21,"GGD Regio Utrecht",585,462,123
2021-12-21,"GGD Rotterdam-Rijnmond",825,702,123
2021-12-21,"GGD Twente",206,154,52
2021-12-21,"GGD West-Brabant",335,191,144
2021-12-21,"GGD Zaanstreek/Waterland",186,168,18
2021-12-21,"GGD Zeeland",214,136,78
2021-12-21,"GGD Zuid-Limburg",278,169,109
2021-12-21,"Veiligheids- en Gezondheidsregio Gelderland-Midden",263,175,88
2021-12-22,"Dienst Gezondheid & Jeugd ZHZ",111,146,-35
2021-12-22,"GGD Amsterdam",463,381,82
2021-12-22,"GGD Brabant-Zuidoost",237,476,-239
2021-12-22,"GGD Drenthe",110,132,-22
2021-12-22,"GGD Flevoland",110,67,43
2021-12-22,"GGD Fryslân",139,49,90
2021-12-22,"GGD Gelderland-Zuid",108,158,-50
2021-12-22,"GGD Gooi en Vechtstreek",88,30,58
2021-12-22,"GGD Groningen",113,156,-43
2021-12-22,"GGD Haaglanden",361,307,54
2021-12-22,"GGD Hart voor Brabant",288,324,-36
2021-12-22,"GGD Hollands-Midden",208,80,128
2021-12-22,"GGD Hollands-Noorden",146,33,113
2021-12-22,"GGD IJsselland",115,117,-2
2021-12-22,"GGD Kennemerland",212,409,-197
2021-12-22,"GGD Limburg-Noord",87,28,59
2021-12-22,"GGD Noord- en Oost-Gelderland",297,356,-59
2021-12-22,"GGD Regio Utrecht",385,460,-75
2021-12-22,"GGD Rotterdam-Rijnmond",601,563,38
2021-12-22,"GGD Twente",121,52,69
2021-12-22,"GGD West-Brabant",167,50,117
2021-12-22,"GGD Zaanstreek/Waterland",182,205,-23
2021-12-22,"GGD Zeeland",111,60,51
2021-12-22,"GGD Zuid-Limburg",186,62,124
2021-12-22,"Veiligheids- en Gezondheidsregio Gelderland-Midden",144,211,-67
2021-12-23,"Dienst Gezondheid & Jeugd ZHZ",146,31,115
2021-12-23,"GGD Amsterdam",332,37,295
2021-12-23,"GGD Brabant-Zuidoost",436,10,426
2021-12-23,"GGD Drenthe",128,28,100
2021-12-23,"GGD Fryslân",39,7,32
2021-12-23,"GGD Gelderland-Zuid",155,66,89
2021-12-23,"GGD Gooi en Vechtstreek",32,1,31
2021-12-23,"GGD Groningen",131,26,105
2021-12-23,"GGD Haaglanden",242,104,138
2021-12-23,"GGD Hart voor Brabant",224,184,40
2021-12-23,"GGD Hollands-Midden",212,2,210
2021-12-23,"GGD IJsselland",151,30,121
2021-12-23,"GGD Kennemerland",241,75,166
2021-12-23,"GGD Noord- en Oost-Gelderland",366,59,307
2021-12-23,"GGD Regio Utrecht",714,25,689
2021-12-23,"GGD Rotterdam-Rijnmond",456,65,391
2021-12-23,"GGD Twente",45,6,39
2021-12-23,"GGD Zaanstreek/Waterland",222,90,132
2021-12-23,"GGD Zeeland",50,1,49
2021-12-23,"GGD Zuid-Limburg",87,3,84
2021-12-23,"Veiligheids- en Gezondheidsregio Gelderland-Midden",275,95,180
