"Date_statistics","Municipal_health_service","cases.today","cases.yesterday","diff"
2020-12-29,"GGD Rotterdam-Rijnmond",482,483,-1
2020-12-30,"GGD Groningen",205,206,-1
2020-12-30,"GGD Rotterdam-Rijnmond",418,421,-3
2020-12-31,"GGD Rotterdam-Rijnmond",433,435,-2
2021-01-19,"GGD Noord- en Oost-Gelderland",189,190,-1
2021-04-29,"GGD Kennemerland",193,192,1
2021-07-23,"GGD Hart voor Brabant",312,311,1
2021-07-25,"GGD Hollands-Noorden",112,113,-1
2021-07-25,"GGD Zaanstreek/Waterland",62,61,1
2021-08-29,"GGD Haaglanden",194,193,1
2021-09-07,"GGD Rotterdam-Rijnmond",272,271,1
2021-10-17,"Dienst Gezondheid & Jeugd ZHZ",168,166,2
2021-10-20,"Dienst Gezondheid & Jeugd ZHZ",256,258,-2
2021-10-31,"GGD Brabant-Zuidoost",339,340,-1
2021-11-04,"GGD Rotterdam-Rijnmond",860,859,1
2021-11-09,"GGD Haaglanden",914,913,1
2021-11-09,"GGD Hollands-Midden",880,881,-1
2021-11-10,"Dienst Gezondheid & Jeugd ZHZ",594,593,1
2021-11-11,"GGD Amsterdam",894,895,-1
2021-11-11,"GGD Haaglanden",795,794,1
2021-11-12,"GGD Brabant-Zuidoost",875,876,-1
2021-11-12,"GGD Haaglanden",904,903,1
2021-11-12,"GGD Regio Utrecht",1564,1565,-1
2021-11-12,"GGD Zuid-Limburg",908,910,-2
2021-11-13,"GGD Groningen",344,343,1
2021-11-13,"GGD Haaglanden",1037,1038,-1
2021-11-14,"GGD Groningen",347,346,1
2021-11-15,"GGD Brabant-Zuidoost",1117,1116,1
2021-11-15,"GGD Groningen",481,475,6
2021-11-15,"GGD Hollands-Noorden",942,940,2
2021-11-15,"GGD Regio Utrecht",1560,1559,1
2021-11-15,"GGD Zaanstreek/Waterland",403,402,1
2021-11-16,"GGD Groningen",478,474,4
2021-11-17,"GGD Groningen",441,437,4
2021-11-17,"GGD Rotterdam-Rijnmond",1786,1784,2
2021-11-18,"GGD Brabant-Zuidoost",898,896,2
2021-11-18,"GGD Groningen",448,453,-5
2021-11-18,"GGD Hart voor Brabant",1881,1882,-1
2021-11-19,"GGD Brabant-Zuidoost",1059,1058,1
2021-11-19,"GGD Groningen",462,463,-1
2021-11-19,"GGD Hart voor Brabant",1618,1619,-1
2021-11-19,"GGD Hollands-Noorden",932,934,-2
2021-11-19,"GGD Regio Utrecht",1741,1742,-1
2021-11-19,"GGD Rotterdam-Rijnmond",1668,1669,-1
2021-11-20,"GGD Brabant-Zuidoost",988,986,2
2021-11-20,"GGD Groningen",462,460,2
2021-11-20,"GGD Haaglanden",1144,1143,1
2021-11-20,"GGD Noord- en Oost-Gelderland",1049,1047,2
2021-11-20,"GGD Regio Utrecht",1723,1721,2
2021-11-21,"GGD Brabant-Zuidoost",1164,1166,-2
2021-11-21,"GGD Groningen",416,414,2
2021-11-21,"GGD Haaglanden",1140,1141,-1
2021-11-21,"GGD Rotterdam-Rijnmond",1422,1421,1
2021-11-22,"GGD Brabant-Zuidoost",1082,1078,4
2021-11-22,"GGD Groningen",450,453,-3
2021-11-22,"GGD Haaglanden",1128,1127,1
2021-11-22,"GGD Rotterdam-Rijnmond",1635,1634,1
2021-11-22,"GGD Zaanstreek/Waterland",418,417,1
2021-11-23,"Dienst Gezondheid & Jeugd ZHZ",652,653,-1
2021-11-23,"GGD Brabant-Zuidoost",992,987,5
2021-11-23,"GGD Gelderland-Zuid",721,720,1
2021-11-23,"GGD Groningen",478,471,7
2021-11-23,"GGD Haaglanden",1113,1111,2
2021-11-23,"GGD Rotterdam-Rijnmond",1491,1490,1
2021-11-24,"GGD Brabant-Zuidoost",941,938,3
2021-11-24,"GGD Groningen",459,463,-4
2021-11-24,"GGD Haaglanden",1031,1032,-1
2021-11-25,"GGD Amsterdam",1011,1010,1
2021-11-25,"GGD Brabant-Zuidoost",942,941,1
2021-11-25,"GGD Groningen",378,384,-6
2021-11-25,"GGD Rotterdam-Rijnmond",1461,1459,2
2021-11-26,"GGD Brabant-Zuidoost",747,741,6
2021-11-26,"GGD Hart voor Brabant",1283,1281,2
2021-11-26,"GGD Limburg-Noord",804,803,1
2021-11-26,"GGD Rotterdam-Rijnmond",1521,1517,4
2021-11-27,"GGD Amsterdam",913,912,1
2021-11-27,"GGD Brabant-Zuidoost",1067,1065,2
2021-11-27,"GGD Groningen",433,437,-4
2021-11-27,"GGD IJsselland",550,549,1
2021-11-27,"GGD Noord- en Oost-Gelderland",925,926,-1
2021-11-27,"GGD Twente",756,755,1
2021-11-28,"GGD Brabant-Zuidoost",1122,1119,3
2021-11-28,"GGD Groningen",388,391,-3
2021-11-28,"GGD Rotterdam-Rijnmond",1356,1355,1
2021-11-29,"GGD Brabant-Zuidoost",953,950,3
2021-11-29,"GGD Gelderland-Zuid",782,783,-1
2021-11-29,"GGD Groningen",461,463,-2
2021-11-29,"GGD Haaglanden",1213,1212,1
2021-11-29,"GGD Rotterdam-Rijnmond",1774,1768,6
2021-11-29,"GGD Zuid-Limburg",1165,1163,2
2021-11-30,"Dienst Gezondheid & Jeugd ZHZ",585,584,1
2021-11-30,"GGD Amsterdam",980,979,1
2021-11-30,"GGD Brabant-Zuidoost",975,972,3
2021-11-30,"GGD Haaglanden",1105,1104,1
2021-11-30,"GGD Hollands-Noorden",787,786,1
2021-11-30,"GGD Noord- en Oost-Gelderland",870,871,-1
2021-12-01,"GGD Brabant-Zuidoost",968,971,-3
2021-12-01,"GGD Hart voor Brabant",1225,1224,1
2021-12-01,"GGD Regio Utrecht",1813,1812,1
2021-12-01,"GGD Rotterdam-Rijnmond",1482,1481,1
2021-12-01,"GGD Zaanstreek/Waterland",383,382,1
2021-12-01,"Veiligheids- en Gezondheidsregio Gelderland-Midden",753,752,1
2021-12-02,"GGD Drenthe",459,458,1
2021-12-02,"GGD Gelderland-Zuid",629,628,1
2021-12-02,"GGD Haaglanden",1139,1138,1
2021-12-02,"GGD Noord- en Oost-Gelderland",832,833,-1
2021-12-02,"GGD Regio Utrecht",1896,1895,1
2021-12-02,"GGD Rotterdam-Rijnmond",1436,1435,1
2021-12-02,"GGD Zaanstreek/Waterland",373,372,1
2021-12-03,"GGD Amsterdam",829,828,1
2021-12-03,"GGD Brabant-Zuidoost",902,901,1
2021-12-03,"GGD Haaglanden",1280,1281,-1
2021-12-03,"GGD Hart voor Brabant",1456,1457,-1
2021-12-03,"Veiligheids- en Gezondheidsregio Gelderland-Midden",692,690,2
2021-12-04,"GGD Amsterdam",853,852,1
2021-12-04,"GGD Fryslân",722,721,1
2021-12-04,"GGD Gelderland-Zuid",592,593,-1
2021-12-04,"GGD Haaglanden",1220,1221,-1
2021-12-04,"GGD Hart voor Brabant",1271,1270,1
2021-12-04,"GGD IJsselland",451,450,1
2021-12-04,"GGD Regio Utrecht",1365,1364,1
2021-12-04,"GGD Zaanstreek/Waterland",323,324,-1
2021-12-05,"GGD Hart voor Brabant",1494,1493,1
2021-12-05,"GGD Rotterdam-Rijnmond",1277,1276,1
2021-12-05,"GGD Zaanstreek/Waterland",311,310,1
2021-12-06,"GGD Amsterdam",917,916,1
2021-12-06,"GGD Gelderland-Zuid",567,566,1
2021-12-06,"GGD Haaglanden",1009,1008,1
2021-12-06,"GGD Rotterdam-Rijnmond",1480,1481,-1
2021-12-06,"GGD Zaanstreek/Waterland",343,341,2
2021-12-06,"GGD Zuid-Limburg",823,822,1
2021-12-07,"GGD Hart voor Brabant",1260,1259,1
2021-12-07,"GGD Noord- en Oost-Gelderland",816,815,1
2021-12-07,"GGD Rotterdam-Rijnmond",1348,1347,1
2021-12-08,"GGD IJsselland",500,499,1
2021-12-08,"GGD Regio Utrecht",1667,1665,2
2021-12-08,"GGD Rotterdam-Rijnmond",1344,1341,3
2021-12-08,"GGD Zuid-Limburg",747,745,2
2021-12-09,"GGD Gelderland-Zuid",501,499,2
2021-12-09,"GGD Groningen",342,341,1
2021-12-09,"GGD Hart voor Brabant",1092,1091,1
2021-12-09,"GGD Regio Utrecht",1822,1823,-1
2021-12-09,"GGD Rotterdam-Rijnmond",1266,1262,4
2021-12-09,"GGD Twente",482,481,1
2021-12-09,"GGD Zaanstreek/Waterland",287,286,1
2021-12-10,"GGD Flevoland",366,365,1
2021-12-10,"GGD Haaglanden",902,901,1
2021-12-10,"GGD Kennemerland",469,468,1
2021-12-10,"GGD Noord- en Oost-Gelderland",755,753,2
2021-12-10,"GGD Rotterdam-Rijnmond",1266,1263,3
2021-12-10,"GGD West-Brabant",724,723,1
2021-12-11,"GGD Gelderland-Zuid",452,449,3
2021-12-11,"GGD Noord- en Oost-Gelderland",644,643,1
2021-12-11,"GGD Rotterdam-Rijnmond",1091,1085,6
2021-12-11,"GGD Zeeland",399,398,1
2021-12-12,"GGD Amsterdam",760,761,-1
2021-12-12,"GGD Haaglanden",784,785,-1
2021-12-12,"GGD Hollands-Midden",570,569,1
2021-12-12,"GGD Noord- en Oost-Gelderland",591,594,-3
2021-12-13,"GGD Flevoland",420,419,1
2021-12-13,"GGD Fryslân",677,675,2
2021-12-13,"GGD Gelderland-Zuid",414,413,1
2021-12-13,"GGD Hollands-Noorden",634,633,1
2021-12-13,"GGD Noord- en Oost-Gelderland",646,645,1
2021-12-13,"GGD Regio Utrecht",878,877,1
2021-12-13,"GGD Rotterdam-Rijnmond",1220,1213,7
2021-12-13,"GGD Twente",478,477,1
2021-12-13,"GGD Zaanstreek/Waterland",292,291,1
2021-12-13,"Veiligheids- en Gezondheidsregio Gelderland-Midden",504,503,1
2021-12-14,"GGD Amsterdam",853,851,2
2021-12-14,"GGD Flevoland",366,367,-1
2021-12-14,"GGD Fryslân",682,680,2
2021-12-14,"GGD Gelderland-Zuid",438,436,2
2021-12-14,"GGD Gooi en Vechtstreek",259,258,1
2021-12-14,"GGD Haaglanden",1055,1054,1
2021-12-14,"GGD Hart voor Brabant",878,877,1
2021-12-14,"GGD Kennemerland",476,475,1
2021-12-14,"GGD Rotterdam-Rijnmond",1200,1191,9
2021-12-14,"GGD West-Brabant",614,613,1
2021-12-14,"GGD Zaanstreek/Waterland",293,292,1
2021-12-14,"GGD Zuid-Limburg",549,548,1
2021-12-15,"Dienst Gezondheid & Jeugd ZHZ",435,434,1
2021-12-15,"GGD Amsterdam",809,808,1
2021-12-15,"GGD Brabant-Zuidoost",612,611,1
2021-12-15,"GGD Drenthe",305,304,1
2021-12-15,"GGD Fryslân",587,586,1
2021-12-15,"GGD Gelderland-Zuid",411,406,5
2021-12-15,"GGD Haaglanden",848,845,3
2021-12-15,"GGD Hart voor Brabant",818,817,1
2021-12-15,"GGD Noord- en Oost-Gelderland",557,556,1
2021-12-15,"GGD Rotterdam-Rijnmond",1026,1020,6
2021-12-15,"GGD Twente",501,499,2
2021-12-15,"GGD West-Brabant",553,552,1
2021-12-15,"GGD Zeeland",336,334,2
2021-12-15,"GGD Zuid-Limburg",512,509,3
2021-12-15,"Veiligheids- en Gezondheidsregio Gelderland-Midden",457,455,2
2021-12-16,"Dienst Gezondheid & Jeugd ZHZ",405,404,1
2021-12-16,"GGD Amsterdam",679,675,4
2021-12-16,"GGD Haaglanden",795,794,1
2021-12-16,"GGD Hollands-Midden",564,562,2
2021-12-16,"GGD Limburg-Noord",356,355,1
2021-12-16,"GGD Regio Utrecht",1114,1113,1
2021-12-16,"GGD Rotterdam-Rijnmond",917,909,8
2021-12-16,"GGD Twente",398,397,1
2021-12-16,"GGD Zaanstreek/Waterland",238,236,2
2021-12-16,"GGD Zeeland",337,338,-1
2021-12-16,"Veiligheids- en Gezondheidsregio Gelderland-Midden",480,485,-5
2021-12-17,"Dienst Gezondheid & Jeugd ZHZ",360,359,1
2021-12-17,"GGD Amsterdam",771,766,5
2021-12-17,"GGD Brabant-Zuidoost",485,484,1
2021-12-17,"GGD Drenthe",333,330,3
2021-12-17,"GGD Flevoland",353,352,1
2021-12-17,"GGD Fryslân",553,551,2
2021-12-17,"GGD Gelderland-Zuid",298,296,2
2021-12-17,"GGD Hollands-Midden",528,527,1
2021-12-17,"GGD Hollands-Noorden",500,499,1
2021-12-17,"GGD IJsselland",325,324,1
2021-12-17,"GGD Kennemerland",437,436,1
2021-12-17,"GGD Noord- en Oost-Gelderland",584,582,2
2021-12-17,"GGD Rotterdam-Rijnmond",856,846,10
2021-12-17,"GGD Zaanstreek/Waterland",254,251,3
2021-12-17,"GGD Zeeland",299,296,3
2021-12-17,"GGD Zuid-Limburg",417,416,1
2021-12-17,"Veiligheids- en Gezondheidsregio Gelderland-Midden",467,465,2
2021-12-18,"Dienst Gezondheid & Jeugd ZHZ",303,300,3
2021-12-18,"GGD Amsterdam",793,788,5
2021-12-18,"GGD Drenthe",285,283,2
2021-12-18,"GGD Flevoland",334,332,2
2021-12-18,"GGD Gelderland-Zuid",362,368,-6
2021-12-18,"GGD Groningen",312,308,4
2021-12-18,"GGD Haaglanden",726,724,2
2021-12-18,"GGD Hart voor Brabant",725,724,1
2021-12-18,"GGD Hollands-Midden",543,541,2
2021-12-18,"GGD Hollands-Noorden",463,462,1
2021-12-18,"GGD IJsselland",317,316,1
2021-12-18,"GGD Kennemerland",424,422,2
2021-12-18,"GGD Noord- en Oost-Gelderland",529,524,5
2021-12-18,"GGD Rotterdam-Rijnmond",664,657,7
2021-12-18,"GGD West-Brabant",499,498,1
2021-12-18,"GGD Zeeland",304,303,1
2021-12-18,"Veiligheids- en Gezondheidsregio Gelderland-Midden",434,431,3
2021-12-19,"GGD Amsterdam",806,796,10
2021-12-19,"GGD Brabant-Zuidoost",491,489,2
2021-12-19,"GGD Drenthe",267,261,6
2021-12-19,"GGD Flevoland",322,321,1
2021-12-19,"GGD Fryslân",493,492,1
2021-12-19,"GGD Gelderland-Zuid",308,309,-1
2021-12-19,"GGD Groningen",356,355,1
2021-12-19,"GGD Haaglanden",754,752,2
2021-12-19,"GGD Hart voor Brabant",699,698,1
2021-12-19,"GGD Hollands-Noorden",460,459,1
2021-12-19,"GGD IJsselland",304,301,3
2021-12-19,"GGD Kennemerland",401,399,2
2021-12-19,"GGD Limburg-Noord",296,297,-1
2021-12-19,"GGD Noord- en Oost-Gelderland",542,540,2
2021-12-19,"GGD Regio Utrecht",1232,1231,1
2021-12-19,"GGD Rotterdam-Rijnmond",579,571,8
2021-12-19,"GGD West-Brabant",447,446,1
2021-12-19,"GGD Zaanstreek/Waterland",250,255,-5
2021-12-19,"GGD Zuid-Limburg",397,396,1
2021-12-19,"Veiligheids- en Gezondheidsregio Gelderland-Midden",391,392,-1
2021-12-20,"Dienst Gezondheid & Jeugd ZHZ",369,368,1
2021-12-20,"GGD Amsterdam",982,960,22
2021-12-20,"GGD Brabant-Zuidoost",546,543,3
2021-12-20,"GGD Drenthe",288,286,2
2021-12-20,"GGD Fryslân",484,481,3
2021-12-20,"GGD Gelderland-Zuid",343,342,1
2021-12-20,"GGD Gooi en Vechtstreek",220,216,4
2021-12-20,"GGD Groningen",355,353,2
2021-12-20,"GGD Haaglanden",842,823,19
2021-12-20,"GGD Hart voor Brabant",757,751,6
2021-12-20,"GGD Hollands-Midden",597,592,5
2021-12-20,"GGD Hollands-Noorden",493,490,3
2021-12-20,"GGD IJsselland",289,288,1
2021-12-20,"GGD Kennemerland",445,440,5
2021-12-20,"GGD Limburg-Noord",314,312,2
2021-12-20,"GGD Noord- en Oost-Gelderland",556,554,2
2021-12-20,"GGD Regio Utrecht",973,967,6
2021-12-20,"GGD Rotterdam-Rijnmond",1086,1076,10
2021-12-20,"GGD Twente",377,368,9
2021-12-20,"GGD West-Brabant",527,524,3
2021-12-20,"GGD Zaanstreek/Waterland",249,242,7
2021-12-20,"GGD Zeeland",335,332,3
2021-12-20,"GGD Zuid-Limburg",444,438,6
2021-12-20,"Veiligheids- en Gezondheidsregio Gelderland-Midden",430,428,2
2021-12-21,"Dienst Gezondheid & Jeugd ZHZ",279,276,3
2021-12-21,"GGD Amsterdam",982,975,7
2021-12-21,"GGD Brabant-Zuidoost",551,545,6
2021-12-21,"GGD Drenthe",301,303,-2
2021-12-21,"GGD Flevoland",328,323,5
2021-12-21,"GGD Fryslân",493,488,5
2021-12-21,"GGD Gelderland-Zuid",363,358,5
2021-12-21,"GGD Gooi en Vechtstreek",251,249,2
2021-12-21,"GGD Groningen",357,352,5
2021-12-21,"GGD Haaglanden",874,858,16
2021-12-21,"GGD Hart voor Brabant",766,758,8
2021-12-21,"GGD Hollands-Midden",573,575,-2
2021-12-21,"GGD Hollands-Noorden",456,450,6
2021-12-21,"GGD IJsselland",325,320,5
2021-12-21,"GGD Kennemerland",379,374,5
2021-12-21,"GGD Regio Utrecht",1042,1032,10
2021-12-21,"GGD Rotterdam-Rijnmond",1142,1128,14
2021-12-21,"GGD Twente",399,391,8
2021-12-21,"GGD West-Brabant",520,517,3
2021-12-21,"GGD Zaanstreek/Waterland",248,240,8
2021-12-21,"GGD Zeeland",317,314,3
2021-12-21,"GGD Zuid-Limburg",433,426,7
2021-12-21,"Veiligheids- en Gezondheidsregio Gelderland-Midden",457,454,3
2021-12-22,"Dienst Gezondheid & Jeugd ZHZ",277,270,7
2021-12-22,"GGD Amsterdam",967,937,30
2021-12-22,"GGD Brabant-Zuidoost",450,444,6
2021-12-22,"GGD Drenthe",299,292,7
2021-12-22,"GGD Flevoland",314,307,7
2021-12-22,"GGD Fryslân",409,401,8
2021-12-22,"GGD Gelderland-Zuid",310,306,4
2021-12-22,"GGD Gooi en Vechtstreek",229,225,4
2021-12-22,"GGD Groningen",298,293,5
2021-12-22,"GGD Haaglanden",777,771,6
2021-12-22,"GGD Hart voor Brabant",691,685,6
2021-12-22,"GGD Hollands-Midden",516,508,8
2021-12-22,"GGD Hollands-Noorden",430,419,11
2021-12-22,"GGD IJsselland",300,295,5
2021-12-22,"GGD Kennemerland",455,445,10
2021-12-22,"GGD Noord- en Oost-Gelderland",489,485,4
2021-12-22,"GGD Regio Utrecht",972,948,24
2021-12-22,"GGD Rotterdam-Rijnmond",945,913,32
2021-12-22,"GGD Twente",326,317,9
2021-12-22,"GGD West-Brabant",488,483,5
2021-12-22,"GGD Zaanstreek/Waterland",221,217,4
2021-12-22,"GGD Zeeland",261,257,4
2021-12-22,"GGD Zuid-Limburg",448,440,8
2021-12-22,"Veiligheids- en Gezondheidsregio Gelderland-Midden",399,387,12
2021-12-23,"Dienst Gezondheid & Jeugd ZHZ",261,249,12
2021-12-23,"GGD Amsterdam",863,834,29
2021-12-23,"GGD Brabant-Zuidoost",497,486,11
2021-12-23,"GGD Flevoland",302,288,14
2021-12-23,"GGD Fryslân",399,373,26
2021-12-23,"GGD Gelderland-Zuid",319,315,4
2021-12-23,"GGD Gooi en Vechtstreek",207,202,5
2021-12-23,"GGD Groningen",305,294,11
2021-12-23,"GGD Haaglanden",725,712,13
2021-12-23,"GGD Hart voor Brabant",660,639,21
2021-12-23,"GGD Hollands-Midden",505,493,12
2021-12-23,"GGD Hollands-Noorden",459,444,15
2021-12-23,"GGD IJsselland",263,251,12
2021-12-23,"GGD Kennemerland",356,344,12
2021-12-23,"GGD Limburg-Noord",282,276,6
2021-12-23,"GGD Noord- en Oost-Gelderland",493,465,28
2021-12-23,"GGD Regio Utrecht",986,935,51
2021-12-23,"GGD Rotterdam-Rijnmond",1014,968,46
2021-12-23,"GGD Twente",368,354,14
2021-12-23,"GGD West-Brabant",445,433,12
2021-12-23,"GGD Zaanstreek/Waterland",231,220,11
2021-12-23,"GGD Zeeland",242,241,1
2021-12-23,"GGD Zuid-Limburg",445,426,19
2021-12-23,"Veiligheids- en Gezondheidsregio Gelderland-Midden",390,370,20
2021-12-24,"Dienst Gezondheid & Jeugd ZHZ",280,248,32
2021-12-24,"GGD Amsterdam",850,781,69
2021-12-24,"GGD Brabant-Zuidoost",444,419,25
2021-12-24,"GGD Drenthe",262,245,17
2021-12-24,"GGD Flevoland",296,259,37
2021-12-24,"GGD Fryslân",393,355,38
2021-12-24,"GGD Gelderland-Zuid",310,293,17
2021-12-24,"GGD Gooi en Vechtstreek",248,229,19
2021-12-24,"GGD Groningen",315,282,33
2021-12-24,"GGD Haaglanden",769,731,38
2021-12-24,"GGD Hart voor Brabant",680,625,55
2021-12-24,"GGD Hollands-Midden",510,488,22
2021-12-24,"GGD Hollands-Noorden",396,351,45
2021-12-24,"GGD IJsselland",279,257,22
2021-12-24,"GGD Kennemerland",427,398,29
2021-12-24,"GGD Limburg-Noord",307,291,16
2021-12-24,"GGD Noord- en Oost-Gelderland",462,447,15
2021-12-24,"GGD Regio Utrecht",1044,949,95
2021-12-24,"GGD Rotterdam-Rijnmond",1236,1163,73
2021-12-24,"GGD Twente",378,351,27
2021-12-24,"GGD West-Brabant",446,410,36
2021-12-24,"GGD Zaanstreek/Waterland",217,203,14
2021-12-24,"GGD Zeeland",279,263,16
2021-12-24,"GGD Zuid-Limburg",400,370,30
2021-12-24,"Veiligheids- en Gezondheidsregio Gelderland-Midden",391,351,40
2021-12-25,"Dienst Gezondheid & Jeugd ZHZ",262,217,45
2021-12-25,"GGD Amsterdam",797,671,126
2021-12-25,"GGD Brabant-Zuidoost",446,402,44
2021-12-25,"GGD Drenthe",253,229,24
2021-12-25,"GGD Flevoland",285,238,47
2021-12-25,"GGD Fryslân",368,324,44
2021-12-25,"GGD Gelderland-Zuid",304,269,35
2021-12-25,"GGD Gooi en Vechtstreek",165,140,25
2021-12-25,"GGD Groningen",243,201,42
2021-12-25,"GGD Haaglanden",633,556,77
2021-12-25,"GGD Hart voor Brabant",650,575,75
2021-12-25,"GGD Hollands-Midden",353,319,34
2021-12-25,"GGD Hollands-Noorden",314,262,52
2021-12-25,"GGD IJsselland",242,212,30
2021-12-25,"GGD Kennemerland",383,350,33
2021-12-25,"GGD Limburg-Noord",226,196,30
2021-12-25,"GGD Noord- en Oost-Gelderland",389,354,35
2021-12-25,"GGD Regio Utrecht",892,740,152
2021-12-25,"GGD Rotterdam-Rijnmond",615,516,99
2021-12-25,"GGD Twente",337,287,50
2021-12-25,"GGD West-Brabant",437,392,45
2021-12-25,"GGD Zaanstreek/Waterland",185,155,30
2021-12-25,"GGD Zeeland",226,203,23
2021-12-25,"GGD Zuid-Limburg",314,262,52
2021-12-25,"Veiligheids- en Gezondheidsregio Gelderland-Midden",272,224,48
2021-12-26,"Dienst Gezondheid & Jeugd ZHZ",208,181,27
2021-12-26,"GGD Amsterdam",719,516,203
2021-12-26,"GGD Brabant-Zuidoost",364,280,84
2021-12-26,"GGD Drenthe",211,142,69
2021-12-26,"GGD Flevoland",232,159,73
2021-12-26,"GGD Fryslân",361,251,110
2021-12-26,"GGD Gelderland-Zuid",254,208,46
2021-12-26,"GGD Gooi en Vechtstreek",161,124,37
2021-12-26,"GGD Groningen",260,194,66
2021-12-26,"GGD Haaglanden",621,438,183
2021-12-26,"GGD Hart voor Brabant",593,446,147
2021-12-26,"GGD Hollands-Midden",313,260,53
2021-12-26,"GGD Hollands-Noorden",308,201,107
2021-12-26,"GGD IJsselland",228,187,41
2021-12-26,"GGD Kennemerland",306,236,70
2021-12-26,"GGD Limburg-Noord",239,177,62
2021-12-26,"GGD Noord- en Oost-Gelderland",402,327,75
2021-12-26,"GGD Regio Utrecht",674,472,202
2021-12-26,"GGD Rotterdam-Rijnmond",492,331,161
2021-12-26,"GGD Twente",303,221,82
2021-12-26,"GGD West-Brabant",347,255,92
2021-12-26,"GGD Zaanstreek/Waterland",150,103,47
2021-12-26,"GGD Zeeland",196,155,41
2021-12-26,"GGD Zuid-Limburg",304,215,89
2021-12-26,"Veiligheids- en Gezondheidsregio Gelderland-Midden",226,179,47
2021-12-27,"Dienst Gezondheid & Jeugd ZHZ",170,174,-4
2021-12-27,"GGD Amsterdam",655,436,219
2021-12-27,"GGD Brabant-Zuidoost",345,205,140
2021-12-27,"GGD Drenthe",166,98,68
2021-12-27,"GGD Flevoland",229,118,111
2021-12-27,"GGD Fryslân",294,134,160
2021-12-27,"GGD Gelderland-Zuid",232,148,84
2021-12-27,"GGD Gooi en Vechtstreek",169,92,77
2021-12-27,"GGD Groningen",193,106,87
2021-12-27,"GGD Haaglanden",576,327,249
2021-12-27,"GGD Hart voor Brabant",451,217,234
2021-12-27,"GGD Hollands-Midden",429,368,61
2021-12-27,"GGD Hollands-Noorden",258,151,107
2021-12-27,"GGD IJsselland",206,125,81
2021-12-27,"GGD Kennemerland",268,172,96
2021-12-27,"GGD Limburg-Noord",198,99,99
2021-12-27,"GGD Noord- en Oost-Gelderland",317,188,129
2021-12-27,"GGD Regio Utrecht",423,475,-52
2021-12-27,"GGD Rotterdam-Rijnmond",774,590,184
2021-12-27,"GGD Twente",303,211,92
2021-12-27,"GGD West-Brabant",342,183,159
2021-12-27,"GGD Zaanstreek/Waterland",138,79,59
2021-12-27,"GGD Zeeland",206,124,82
2021-12-27,"GGD Zuid-Limburg",295,180,115
2021-12-27,"Veiligheids- en Gezondheidsregio Gelderland-Midden",257,286,-29
2021-12-28,"Dienst Gezondheid & Jeugd ZHZ",281,216,65
2021-12-28,"GGD Amsterdam",439,518,-79
2021-12-28,"GGD Brabant-Zuidoost",259,434,-175
2021-12-28,"GGD Drenthe",158,156,2
2021-12-28,"GGD Flevoland",115,56,59
2021-12-28,"GGD Fryslân",148,59,89
2021-12-28,"GGD Gelderland-Zuid",189,221,-32
2021-12-28,"GGD Gooi en Vechtstreek",102,58,44
2021-12-28,"GGD Groningen",131,189,-58
2021-12-28,"GGD Haaglanden",455,394,61
2021-12-28,"GGD Hart voor Brabant",326,270,56
2021-12-28,"GGD Hollands-Midden",567,368,199
2021-12-28,"GGD Hollands-Noorden",150,33,117
2021-12-28,"GGD IJsselland",153,137,16
2021-12-28,"GGD Kennemerland",213,340,-127
2021-12-28,"GGD Limburg-Noord",102,22,80
2021-12-28,"GGD Noord- en Oost-Gelderland",228,339,-111
2021-12-28,"GGD Regio Utrecht",624,813,-189
2021-12-28,"GGD Rotterdam-Rijnmond",656,467,189
2021-12-28,"GGD Twente",239,123,116
2021-12-28,"GGD West-Brabant",240,120,120
2021-12-28,"GGD Zaanstreek/Waterland",229,383,-154
2021-12-28,"GGD Zeeland",107,72,35
2021-12-28,"GGD Zuid-Limburg",193,63,130
2021-12-28,"Veiligheids- en Gezondheidsregio Gelderland-Midden",400,309,91
2021-12-29,"Dienst Gezondheid & Jeugd ZHZ",174,17,157
2021-12-29,"GGD Amsterdam",498,34,464
2021-12-29,"GGD Brabant-Zuidoost",519,15,504
2021-12-29,"GGD Drenthe",131,24,107
2021-12-29,"GGD Fryslân",56,1,55
2021-12-29,"GGD Gelderland-Zuid",164,77,87
2021-12-29,"GGD Gooi en Vechtstreek",59,2,57
2021-12-29,"GGD Groningen",272,129,143
2021-12-29,"GGD Haaglanden",361,61,300
2021-12-29,"GGD Hart voor Brabant",331,133,198
2021-12-29,"GGD Hollands-Midden",401,51,350
2021-12-29,"GGD IJsselland",178,44,134
2021-12-29,"GGD Kennemerland",548,10,538
2021-12-29,"GGD Noord- en Oost-Gelderland",251,26,225
2021-12-29,"GGD Regio Utrecht",563,40,523
2021-12-29,"GGD Rotterdam-Rijnmond",577,1,576
2021-12-29,"GGD Twente",99,19,80
2021-12-29,"GGD West-Brabant",135,5,130
2021-12-29,"GGD Zaanstreek/Waterland",271,54,217
2021-12-29,"Veiligheids- en Gezondheidsregio Gelderland-Midden",252,10,242
