"Date_statistics","Municipal_health_service","cases.today","cases.yesterday","diff"
2021-02-28,"GGD Rotterdam-Rijnmond",317,316,1
2021-11-19,"GGD Amsterdam",1176,1180,-4
2021-11-28,"GGD Brabant-Zuidoost",1133,1132,1
2021-11-28,"GGD Regio Utrecht",1716,1715,1
2021-12-01,"GGD Brabant-Zuidoost",969,970,-1
2021-12-04,"GGD Hollands-Midden",841,840,1
2022-01-09,"GGD Regio Utrecht",2651,2652,-1
2022-01-19,"GGD Noord- en Oost-Gelderland",2214,2215,-1
2022-01-20,"GGD Amsterdam",4941,4942,-1
2022-01-22,"GGD Amsterdam",4555,4554,1
2022-01-22,"GGD Noord- en Oost-Gelderland",2295,2294,1
2022-01-24,"GGD Amsterdam",5404,5403,1
2022-01-25,"GGD Rotterdam-Rijnmond",7088,7087,1
2022-01-26,"GGD Amsterdam",4949,4948,1
2022-01-26,"GGD Zeeland",1701,1699,2
2022-01-27,"Dienst Gezondheid & Jeugd ZHZ",2394,2393,1
2022-01-28,"GGD Amsterdam",5245,5244,1
2022-01-28,"GGD IJsselland",2519,2520,-1
2022-01-29,"GGD Amsterdam",5283,5281,2
2022-01-30,"GGD Amsterdam",4551,4548,3
2022-01-31,"GGD Amsterdam",5250,5243,7
2022-01-31,"GGD IJsselland",2871,2870,1
2022-02-01,"GGD Amsterdam",5253,5242,11
2022-02-01,"GGD Rotterdam-Rijnmond",5712,5711,1
2022-02-02,"GGD Amsterdam",5002,4994,8
2022-02-02,"GGD IJsselland",3245,3246,-1
2022-02-04,"GGD Amsterdam",4890,4892,-2
2022-02-05,"GGD Amsterdam",4171,4176,-5
2022-02-05,"GGD Noord- en Oost-Gelderland",3989,3990,-1
2022-02-07,"GGD Amsterdam",4031,4033,-2
2022-02-08,"GGD Amsterdam",4405,4421,-16
2022-02-08,"GGD Noord- en Oost-Gelderland",4521,4520,1
2022-02-09,"GGD Amsterdam",5166,5175,-9
2022-02-09,"GGD Rotterdam-Rijnmond",4938,4937,1
2022-02-10,"GGD Amsterdam",3915,3916,-1
2022-02-11,"GGD IJsselland",2929,2928,1
2022-02-11,"GGD Rotterdam-Rijnmond",3904,3903,1
2022-02-14,"GGD Rotterdam-Rijnmond",3204,3203,1
2022-02-15,"GGD Hollands-Noorden",2486,2485,1
2022-02-15,"GGD Rotterdam-Rijnmond",3583,3584,-1
2022-02-18,"GGD Rotterdam-Rijnmond",1596,1595,1
2022-02-22,"GGD Amsterdam",1826,1825,1
2022-02-22,"Veiligheids- en Gezondheidsregio Gelderland-Midden",1810,1809,1
2022-02-23,"Dienst Gezondheid & Jeugd ZHZ",873,872,1
2022-02-23,"GGD Kennemerland",1036,1035,1
2022-02-23,"GGD Rotterdam-Rijnmond",2050,2049,1
2022-02-24,"GGD Amsterdam",1923,1920,3
2022-02-25,"GGD Amsterdam",1402,1406,-4
2022-02-25,"GGD Rotterdam-Rijnmond",1488,1489,-1
2022-02-26,"GGD Hart voor Brabant",1485,1484,1
2022-02-26,"GGD Zeeland",641,642,-1
2022-02-28,"GGD Hart voor Brabant",1840,1841,-1
2022-02-28,"GGD Twente",2219,2218,1
2022-03-01,"GGD Noord- en Oost-Gelderland",2245,2244,1
2022-03-01,"GGD Rotterdam-Rijnmond",2218,2217,1
2022-03-01,"GGD Twente",2334,2335,-1
2022-03-03,"GGD Rotterdam-Rijnmond",2590,2589,1
2022-03-04,"GGD Rotterdam-Rijnmond",2534,2529,5
2022-03-05,"GGD Hart voor Brabant",8077,8076,1
2022-03-05,"GGD Rotterdam-Rijnmond",2426,2424,2
2022-03-07,"GGD Rotterdam-Rijnmond",3417,3416,1
2022-03-07,"GGD Twente",2351,2350,1
2022-03-08,"GGD Rotterdam-Rijnmond",3863,3861,2
2022-03-08,"GGD Twente",2336,2333,3
2022-03-09,"GGD Hart voor Brabant",6627,6626,1
2022-03-09,"GGD Twente",2716,2704,12
2022-03-09,"GGD Zuid-Limburg",4245,4244,1
2022-03-10,"GGD Flevoland",1111,1110,1
2022-03-10,"GGD Rotterdam-Rijnmond",3274,3273,1
2022-03-10,"GGD Twente",2435,2434,1
2022-03-10,"GGD Zuid-Limburg",3317,3318,-1
2022-03-11,"GGD Flevoland",1197,1196,1
2022-03-11,"GGD Noord- en Oost-Gelderland",4027,4026,1
2022-03-11,"GGD Twente",2249,2266,-17
2022-03-12,"GGD Rotterdam-Rijnmond",2714,2713,1
2022-03-13,"GGD Hollands-Noorden",1629,1628,1
2022-03-13,"GGD Kennemerland",1539,1538,1
2022-03-13,"GGD Limburg-Noord",1832,1831,1
2022-03-13,"GGD Noord- en Oost-Gelderland",2861,2859,2
2022-03-14,"GGD Brabant-Zuidoost",2086,2085,1
2022-03-14,"GGD Hart voor Brabant",2821,2820,1
2022-03-15,"GGD Amsterdam",3425,3423,2
2022-03-15,"GGD Flevoland",865,866,-1
2022-03-15,"GGD Kennemerland",1760,1759,1
2022-03-15,"GGD Rotterdam-Rijnmond",3594,3593,1
2022-03-16,"GGD Amsterdam",2752,2751,1
2022-03-16,"GGD Flevoland",1234,1233,1
2022-03-16,"GGD IJsselland",2337,2336,1
2022-03-16,"GGD Kennemerland",1790,1792,-2
2022-03-16,"GGD Noord- en Oost-Gelderland",3398,3397,1
2022-03-16,"GGD Zaanstreek/Waterland",899,898,1
2022-03-17,"GGD Amsterdam",2444,2435,9
2022-03-17,"GGD Fryslân",1930,1929,1
2022-03-17,"GGD Groningen",2165,2164,1
2022-03-17,"GGD Zaanstreek/Waterland",1139,1141,-2
2022-03-18,"GGD Amsterdam",2097,2098,-1
2022-03-18,"GGD Brabant-Zuidoost",1599,1598,1
2022-03-18,"GGD Flevoland",1026,1024,2
2022-03-18,"GGD Groningen",2303,2302,1
2022-03-18,"GGD Hollands-Noorden",1313,1312,1
2022-03-18,"GGD IJsselland",1804,1803,1
2022-03-18,"GGD Kennemerland",1435,1434,1
2022-03-18,"GGD Rotterdam-Rijnmond",2486,2484,2
2022-03-18,"GGD Twente",1632,1631,1
2022-03-18,"GGD Zeeland",857,856,1
2022-03-19,"GGD Amsterdam",1916,1914,2
2022-03-19,"GGD Flevoland",860,859,1
2022-03-19,"GGD Gooi en Vechtstreek",496,495,1
2022-03-19,"GGD Hart voor Brabant",1956,1955,1
2022-03-19,"GGD IJsselland",1535,1533,2
2022-03-19,"GGD Kennemerland",1106,1103,3
2022-03-19,"GGD Limburg-Noord",1009,1008,1
2022-03-19,"GGD Regio Utrecht",2989,2987,2
2022-03-19,"GGD Rotterdam-Rijnmond",2209,2207,2
2022-03-19,"GGD Zuid-Limburg",933,932,1
2022-03-19,"Veiligheids- en Gezondheidsregio Gelderland-Midden",1612,1610,2
2022-03-20,"GGD Amsterdam",1883,1879,4
2022-03-20,"GGD Drenthe",1387,1388,-1
2022-03-20,"GGD Groningen",1229,1228,1
2022-03-20,"GGD Hart voor Brabant",1558,1557,1
2022-03-20,"GGD Hollands-Noorden",1066,1065,1
2022-03-20,"GGD IJsselland",1393,1392,1
2022-03-20,"GGD Limburg-Noord",973,971,2
2022-03-20,"GGD Rotterdam-Rijnmond",1707,1703,4
2022-03-20,"GGD Twente",1547,1545,2
2022-03-20,"GGD Zaanstreek/Waterland",443,441,2
2022-03-20,"GGD Zuid-Limburg",914,913,1
2022-03-20,"Veiligheids- en Gezondheidsregio Gelderland-Midden",1294,1292,2
2022-03-21,"GGD Amsterdam",2216,2210,6
2022-03-21,"GGD Brabant-Zuidoost",1541,1528,13
2022-03-21,"GGD Flevoland",825,824,1
2022-03-21,"GGD Fryslân",1688,1685,3
2022-03-21,"GGD Groningen",1484,1483,1
2022-03-21,"GGD Hart voor Brabant",1676,1674,2
2022-03-21,"GGD Kennemerland",1251,1250,1
2022-03-21,"GGD Limburg-Noord",1064,1067,-3
2022-03-21,"GGD Noord- en Oost-Gelderland",2256,2253,3
2022-03-21,"GGD Regio Utrecht",3575,3572,3
2022-03-21,"GGD Rotterdam-Rijnmond",2698,2690,8
2022-03-21,"GGD Zeeland",935,934,1
2022-03-21,"GGD Zuid-Limburg",1208,1207,1
2022-03-21,"Veiligheids- en Gezondheidsregio Gelderland-Midden",1810,1809,1
2022-03-22,"GGD Amsterdam",2459,2451,8
2022-03-22,"GGD Brabant-Zuidoost",1449,1445,4
2022-03-22,"GGD Flevoland",975,976,-1
2022-03-22,"GGD Gelderland-Zuid",1683,1676,7
2022-03-22,"GGD Gooi en Vechtstreek",590,589,1
2022-03-22,"GGD Groningen",1510,1511,-1
2022-03-22,"GGD Hollands-Noorden",1334,1333,1
2022-03-22,"GGD Kennemerland",1258,1252,6
2022-03-22,"GGD Noord- en Oost-Gelderland",2872,2869,3
2022-03-22,"GGD Rotterdam-Rijnmond",3101,3096,5
2022-03-22,"GGD Twente",1575,1574,1
2022-03-22,"GGD West-Brabant",1049,1047,2
2022-03-22,"GGD Zeeland",928,926,2
2022-03-22,"GGD Zuid-Limburg",1017,1016,1
2022-03-22,"Veiligheids- en Gezondheidsregio Gelderland-Midden",2140,2138,2
2022-03-23,"GGD Amsterdam",2003,1989,14
2022-03-23,"GGD Brabant-Zuidoost",1314,1303,11
2022-03-23,"GGD Flevoland",900,899,1
2022-03-23,"GGD Fryslân",1452,1450,2
2022-03-23,"GGD Gelderland-Zuid",1068,1065,3
2022-03-23,"GGD Gooi en Vechtstreek",400,398,2
2022-03-23,"GGD Groningen",2171,2169,2
2022-03-23,"GGD Hart voor Brabant",1785,1781,4
2022-03-23,"GGD Hollands-Noorden",1365,1362,3
2022-03-23,"GGD Kennemerland",1313,1307,6
2022-03-23,"GGD Noord- en Oost-Gelderland",2505,2499,6
2022-03-23,"GGD Regio Utrecht",3247,3243,4
2022-03-23,"GGD Rotterdam-Rijnmond",2541,2534,7
2022-03-23,"GGD Twente",1141,1140,1
2022-03-23,"GGD Zeeland",751,749,2
2022-03-23,"GGD Zuid-Limburg",1011,1009,2
2022-03-24,"GGD Amsterdam",1698,1673,25
2022-03-24,"GGD Brabant-Zuidoost",1299,1298,1
2022-03-24,"GGD Drenthe",1566,1563,3
2022-03-24,"GGD Flevoland",787,786,1
2022-03-24,"GGD Fryslân",1234,1233,1
2022-03-24,"GGD Gelderland-Zuid",1030,1027,3
2022-03-24,"GGD Groningen",1810,1807,3
2022-03-24,"GGD Haaglanden",2016,2015,1
2022-03-24,"GGD Hart voor Brabant",1529,1523,6
2022-03-24,"GGD Hollands-Noorden",1312,1307,5
2022-03-24,"GGD IJsselland",1154,1151,3
2022-03-24,"GGD Kennemerland",1180,1163,17
2022-03-24,"GGD Noord- en Oost-Gelderland",2150,2141,9
2022-03-24,"GGD Regio Utrecht",3009,2999,10
2022-03-24,"GGD Rotterdam-Rijnmond",2310,2301,9
2022-03-24,"GGD Twente",1851,1843,8
2022-03-24,"GGD West-Brabant",1052,1049,3
2022-03-24,"GGD Zaanstreek/Waterland",684,685,-1
2022-03-24,"GGD Zeeland",813,809,4
2022-03-24,"Veiligheids- en Gezondheidsregio Gelderland-Midden",1470,1466,4
2022-03-25,"GGD Amsterdam",1496,1453,43
2022-03-25,"GGD Brabant-Zuidoost",1048,1040,8
2022-03-25,"GGD Drenthe",1104,1103,1
2022-03-25,"GGD Flevoland",664,659,5
2022-03-25,"GGD Fryslân",1100,1094,6
2022-03-25,"GGD Gelderland-Zuid",1000,999,1
2022-03-25,"GGD Gooi en Vechtstreek",393,392,1
2022-03-25,"GGD Groningen",1201,1196,5
2022-03-25,"GGD Haaglanden",1637,1634,3
2022-03-25,"GGD Hart voor Brabant",1092,1082,10
2022-03-25,"GGD Hollands-Noorden",851,848,3
2022-03-25,"GGD IJsselland",1049,1036,13
2022-03-25,"GGD Kennemerland",1020,1008,12
2022-03-25,"GGD Noord- en Oost-Gelderland",1788,1780,8
2022-03-25,"GGD Regio Utrecht",2442,2441,1
2022-03-25,"GGD Rotterdam-Rijnmond",1620,1604,16
2022-03-25,"GGD Twente",1399,1390,9
2022-03-25,"GGD West-Brabant",804,801,3
2022-03-25,"GGD Zaanstreek/Waterland",492,490,2
2022-03-25,"GGD Zeeland",679,674,5
2022-03-25,"GGD Zuid-Limburg",721,717,4
2022-03-25,"Veiligheids- en Gezondheidsregio Gelderland-Midden",1241,1231,10
2022-03-26,"GGD Amsterdam",1064,1008,56
2022-03-26,"GGD Brabant-Zuidoost",815,808,7
2022-03-26,"GGD Flevoland",534,530,4
2022-03-26,"GGD Fryslân",877,872,5
2022-03-26,"GGD Gelderland-Zuid",785,779,6
2022-03-26,"GGD Gooi en Vechtstreek",329,328,1
2022-03-26,"GGD Groningen",880,879,1
2022-03-26,"GGD Haaglanden",1585,1584,1
2022-03-26,"GGD Hart voor Brabant",1039,1029,10
2022-03-26,"GGD Hollands-Midden",1130,1128,2
2022-03-26,"GGD Hollands-Noorden",861,849,12
2022-03-26,"GGD IJsselland",894,883,11
2022-03-26,"GGD Kennemerland",827,793,34
2022-03-26,"GGD Limburg-Noord",588,584,4
2022-03-26,"GGD Noord- en Oost-Gelderland",1597,1586,11
2022-03-26,"GGD Regio Utrecht",1958,1954,4
2022-03-26,"GGD Rotterdam-Rijnmond",1692,1672,20
2022-03-26,"GGD Twente",1105,1100,5
2022-03-26,"GGD West-Brabant",539,532,7
2022-03-26,"GGD Zaanstreek/Waterland",536,534,2
2022-03-26,"GGD Zeeland",494,488,6
2022-03-26,"GGD Zuid-Limburg",546,541,5
2022-03-26,"Veiligheids- en Gezondheidsregio Gelderland-Midden",1190,1179,11
2022-03-27,"GGD Amsterdam",721,689,32
2022-03-27,"GGD Brabant-Zuidoost",824,809,15
2022-03-27,"GGD Drenthe",803,802,1
2022-03-27,"GGD Flevoland",448,440,8
2022-03-27,"GGD Fryslân",858,853,5
2022-03-27,"GGD Gelderland-Zuid",756,737,19
2022-03-27,"GGD Gooi en Vechtstreek",181,180,1
2022-03-27,"GGD Groningen",945,935,10
2022-03-27,"GGD Haaglanden",1316,1313,3
2022-03-27,"GGD Hart voor Brabant",861,847,14
2022-03-27,"GGD Hollands-Midden",1163,1160,3
2022-03-27,"GGD Hollands-Noorden",562,551,11
2022-03-27,"GGD IJsselland",684,672,12
2022-03-27,"GGD Kennemerland",765,714,51
2022-03-27,"GGD Limburg-Noord",524,523,1
2022-03-27,"GGD Noord- en Oost-Gelderland",1411,1383,28
2022-03-27,"GGD Regio Utrecht",1686,1665,21
2022-03-27,"GGD Rotterdam-Rijnmond",1362,1313,49
2022-03-27,"GGD Twente",887,882,5
2022-03-27,"GGD West-Brabant",519,492,27
2022-03-27,"GGD Zaanstreek/Waterland",411,405,6
2022-03-27,"GGD Zeeland",519,497,22
2022-03-27,"GGD Zuid-Limburg",506,499,7
2022-03-27,"Veiligheids- en Gezondheidsregio Gelderland-Midden",898,882,16
2022-03-28,"Dienst Gezondheid & Jeugd ZHZ",811,807,4
2022-03-28,"GGD Amsterdam",1454,1533,-79
2022-03-28,"GGD Brabant-Zuidoost",1025,997,28
2022-03-28,"GGD Drenthe",1051,1044,7
2022-03-28,"GGD Flevoland",546,525,21
2022-03-28,"GGD Fryslân",1164,1145,19
2022-03-28,"GGD Gelderland-Zuid",835,800,35
2022-03-28,"GGD Gooi en Vechtstreek",343,337,6
2022-03-28,"GGD Groningen",1118,1095,23
2022-03-28,"GGD Haaglanden",2095,2090,5
2022-03-28,"GGD Hart voor Brabant",1100,1071,29
2022-03-28,"GGD Hollands-Midden",1820,1815,5
2022-03-28,"GGD Hollands-Noorden",717,699,18
2022-03-28,"GGD IJsselland",687,651,36
2022-03-28,"GGD Kennemerland",682,611,71
2022-03-28,"GGD Limburg-Noord",568,563,5
2022-03-28,"GGD Noord- en Oost-Gelderland",1677,1609,68
2022-03-28,"GGD Regio Utrecht",2459,2433,26
2022-03-28,"GGD Rotterdam-Rijnmond",1990,1901,89
2022-03-28,"GGD Twente",1235,1217,18
2022-03-28,"GGD West-Brabant",904,867,37
2022-03-28,"GGD Zaanstreek/Waterland",430,417,13
2022-03-28,"GGD Zeeland",724,690,34
2022-03-28,"GGD Zuid-Limburg",612,594,18
2022-03-28,"Veiligheids- en Gezondheidsregio Gelderland-Midden",1234,1217,17
2022-03-29,"Dienst Gezondheid & Jeugd ZHZ",829,827,2
2022-03-29,"GGD Amsterdam",1311,1282,29
2022-03-29,"GGD Brabant-Zuidoost",809,780,29
2022-03-29,"GGD Drenthe",1154,1145,9
2022-03-29,"GGD Flevoland",515,468,47
2022-03-29,"GGD Fryslân",951,935,16
2022-03-29,"GGD Gelderland-Zuid",924,854,70
2022-03-29,"GGD Gooi en Vechtstreek",451,442,9
2022-03-29,"GGD Groningen",1190,1154,36
2022-03-29,"GGD Haaglanden",1594,1584,10
2022-03-29,"GGD Hart voor Brabant",1166,1120,46
2022-03-29,"GGD Hollands-Midden",1405,1391,14
2022-03-29,"GGD Hollands-Noorden",980,949,31
2022-03-29,"GGD IJsselland",460,422,38
2022-03-29,"GGD Kennemerland",585,528,57
2022-03-29,"GGD Limburg-Noord",610,597,13
2022-03-29,"GGD Noord- en Oost-Gelderland",1578,1510,68
2022-03-29,"GGD Regio Utrecht",2467,2458,9
2022-03-29,"GGD Rotterdam-Rijnmond",1745,1706,39
2022-03-29,"GGD Twente",1079,1040,39
2022-03-29,"GGD West-Brabant",725,664,61
2022-03-29,"GGD Zaanstreek/Waterland",475,470,5
2022-03-29,"GGD Zeeland",571,517,54
2022-03-29,"GGD Zuid-Limburg",553,524,29
2022-03-29,"Veiligheids- en Gezondheidsregio Gelderland-Midden",1075,1038,37
2022-03-30,"Dienst Gezondheid & Jeugd ZHZ",607,604,3
2022-03-30,"GGD Amsterdam",1339,1313,26
2022-03-30,"GGD Brabant-Zuidoost",822,852,-30
2022-03-30,"GGD Drenthe",818,815,3
2022-03-30,"GGD Flevoland",369,343,26
2022-03-30,"GGD Fryslân",780,770,10
2022-03-30,"GGD Gelderland-Zuid",566,490,76
2022-03-30,"GGD Gooi en Vechtstreek",281,273,8
2022-03-30,"GGD Groningen",734,732,2
2022-03-30,"GGD Haaglanden",1755,1738,17
2022-03-30,"GGD Hart voor Brabant",1037,1009,28
2022-03-30,"GGD Hollands-Midden",1330,1337,-7
2022-03-30,"GGD Hollands-Noorden",749,743,6
2022-03-30,"GGD IJsselland",804,773,31
2022-03-30,"GGD Kennemerland",665,793,-128
2022-03-30,"GGD Limburg-Noord",473,464,9
2022-03-30,"GGD Noord- en Oost-Gelderland",1395,1336,59
2022-03-30,"GGD Regio Utrecht",2145,2183,-38
2022-03-30,"GGD Rotterdam-Rijnmond",1442,1393,49
2022-03-30,"GGD Twente",976,927,49
2022-03-30,"GGD West-Brabant",663,622,41
2022-03-30,"GGD Zaanstreek/Waterland",489,499,-10
2022-03-30,"GGD Zeeland",450,382,68
2022-03-30,"GGD Zuid-Limburg",518,472,46
2022-03-30,"Veiligheids- en Gezondheidsregio Gelderland-Midden",1045,1021,24
2022-03-31,"Dienst Gezondheid & Jeugd ZHZ",408,409,-1
2022-03-31,"GGD Amsterdam",1078,1164,-86
2022-03-31,"GGD Brabant-Zuidoost",588,590,-2
2022-03-31,"GGD Drenthe",821,829,-8
2022-03-31,"GGD Flevoland",344,413,-69
2022-03-31,"GGD Fryslân",683,696,-13
2022-03-31,"GGD Gelderland-Zuid",499,668,-169
2022-03-31,"GGD Gooi en Vechtstreek",223,227,-4
2022-03-31,"GGD Groningen",912,955,-43
2022-03-31,"GGD Haaglanden",1446,1402,44
2022-03-31,"GGD Hart voor Brabant",829,921,-92
2022-03-31,"GGD Hollands-Midden",1037,1013,24
2022-03-31,"GGD Hollands-Noorden",777,817,-40
2022-03-31,"GGD IJsselland",771,889,-118
2022-03-31,"GGD Kennemerland",650,748,-98
2022-03-31,"GGD Limburg-Noord",518,488,30
2022-03-31,"GGD Noord- en Oost-Gelderland",1234,1400,-166
2022-03-31,"GGD Regio Utrecht",1828,1787,41
2022-03-31,"GGD Rotterdam-Rijnmond",1388,1513,-125
2022-03-31,"GGD Twente",861,943,-82
2022-03-31,"GGD West-Brabant",517,676,-159
2022-03-31,"GGD Zaanstreek/Waterland",362,372,-10
2022-03-31,"GGD Zeeland",307,473,-166
2022-03-31,"GGD Zuid-Limburg",405,466,-61
2022-03-31,"Veiligheids- en Gezondheidsregio Gelderland-Midden",856,921,-65
2022-04-01,"Dienst Gezondheid & Jeugd ZHZ",535,126,409
2022-04-01,"GGD Amsterdam",758,6,752
2022-04-01,"GGD Brabant-Zuidoost",548,119,429
2022-04-01,"GGD Drenthe",635,43,592
2022-04-01,"GGD Flevoland",381,50,331
2022-04-01,"GGD Fryslân",575,1,574
2022-04-01,"GGD Gelderland-Zuid",489,28,461
2022-04-01,"GGD Gooi en Vechtstreek",219,44,175
2022-04-01,"GGD Groningen",714,41,673
2022-04-01,"GGD Haaglanden",1107,81,1026
2022-04-01,"GGD Hart voor Brabant",782,184,598
2022-04-01,"GGD Hollands-Midden",823,59,764
2022-04-01,"GGD Hollands-Noorden",530,20,510
2022-04-01,"GGD IJsselland",658,27,631
2022-04-01,"GGD Kennemerland",581,20,561
2022-04-01,"GGD Limburg-Noord",297,32,265
2022-04-01,"GGD Noord- en Oost-Gelderland",1042,119,923
2022-04-01,"GGD Regio Utrecht",1417,93,1324
2022-04-01,"GGD Rotterdam-Rijnmond",1234,123,1111
2022-04-01,"GGD Twente",683,86,597
2022-04-01,"GGD West-Brabant",463,40,423
2022-04-01,"GGD Zaanstreek/Waterland",299,30,269
2022-04-01,"GGD Zeeland",352,2,350
2022-04-01,"GGD Zuid-Limburg",401,51,350
2022-04-01,"Veiligheids- en Gezondheidsregio Gelderland-Midden",762,80,682
