"Date_statistics","Municipal_health_service","cases.today","cases.yesterday","diff"
2020-08-20,"GGD Zuid-Limburg",15,14,1
2021-02-20,"GGD Flevoland",54,53,1
2021-06-01,"GGD IJsselland",71,70,1
2021-06-08,"GGD Rotterdam-Rijnmond",137,136,1
2021-07-01,"GGD Haaglanden",82,83,-1
2021-07-02,"Dienst Gezondheid & Jeugd ZHZ",38,37,1
2021-07-03,"Dienst Gezondheid & Jeugd ZHZ",23,22,1
2021-07-03,"GGD Rotterdam-Rijnmond",248,247,1
2021-07-04,"GGD Rotterdam-Rijnmond",404,403,1
2021-07-05,"Dienst Gezondheid & Jeugd ZHZ",60,59,1
2021-07-05,"GGD Rotterdam-Rijnmond",632,629,3
2021-07-06,"Dienst Gezondheid & Jeugd ZHZ",125,123,2
2021-07-06,"GGD Rotterdam-Rijnmond",795,797,-2
2021-07-07,"Dienst Gezondheid & Jeugd ZHZ",147,140,7
2021-07-07,"GGD Regio Utrecht",1119,1120,-1
2021-07-07,"GGD Rotterdam-Rijnmond",830,831,-1
2021-07-08,"Dienst Gezondheid & Jeugd ZHZ",135,129,6
2021-07-08,"GGD Regio Utrecht",1015,1014,1
2021-07-09,"Dienst Gezondheid & Jeugd ZHZ",142,143,-1
2021-07-09,"GGD Groningen",548,547,1
2021-07-09,"GGD Regio Utrecht",962,963,-1
2021-07-10,"Dienst Gezondheid & Jeugd ZHZ",145,157,-12
2021-07-10,"GGD Rotterdam-Rijnmond",840,839,1
2021-07-11,"Dienst Gezondheid & Jeugd ZHZ",166,171,-5
2021-07-11,"GGD Rotterdam-Rijnmond",876,877,-1
2021-07-12,"GGD Groningen",469,470,-1
2021-07-12,"GGD Twente",402,401,1
2021-07-13,"GGD Rotterdam-Rijnmond",1173,1174,-1
2021-07-14,"GGD Rotterdam-Rijnmond",1027,1026,1
2021-07-15,"GGD Rotterdam-Rijnmond",967,968,-1
2021-07-16,"GGD Rotterdam-Rijnmond",769,770,-1
2021-07-17,"GGD Rotterdam-Rijnmond",672,673,-1
2021-07-25,"GGD Regio Utrecht",230,231,-1
2021-07-25,"GGD Rotterdam-Rijnmond",302,301,1
2021-07-26,"GGD Groningen",85,84,1
2021-07-26,"GGD Regio Utrecht",229,228,1
2021-07-26,"GGD Zeeland",53,52,1
2021-07-29,"GGD Hollands-Midden",109,108,1
2021-07-30,"GGD Hollands-Noorden",93,91,2
2021-07-31,"GGD Regio Utrecht",156,157,-1
2021-08-01,"GGD Amsterdam",197,196,1
2021-08-01,"GGD Regio Utrecht",179,178,1
2021-08-01,"GGD Twente",92,91,1
2021-08-02,"GGD Hart voor Brabant",179,178,1
2021-08-02,"GGD Regio Utrecht",145,144,1
2021-08-02,"GGD Rotterdam-Rijnmond",266,265,1
2021-08-02,"GGD Zaanstreek/Waterland",52,51,1
2021-08-02,"GGD Zeeland",58,57,1
2021-08-03,"Dienst Gezondheid & Jeugd ZHZ",47,46,1
2021-08-03,"GGD Haaglanden",198,199,-1
2021-08-04,"GGD Amsterdam",255,254,1
2021-08-04,"GGD Drenthe",33,32,1
2021-08-04,"GGD Hollands-Noorden",70,69,1
2021-08-04,"GGD Rotterdam-Rijnmond",216,217,-1
2021-08-04,"GGD West-Brabant",88,87,1
2021-08-05,"GGD Amsterdam",238,236,2
2021-08-05,"GGD Brabant-Zuidoost",83,82,1
2021-08-05,"GGD Haaglanden",171,172,-1
2021-08-05,"GGD Hart voor Brabant",107,105,2
2021-08-05,"GGD IJsselland",59,58,1
2021-08-05,"GGD Kennemerland",63,62,1
2021-08-06,"Dienst Gezondheid & Jeugd ZHZ",55,54,1
2021-08-06,"GGD Amsterdam",231,227,4
2021-08-06,"GGD Gelderland-Zuid",55,54,1
2021-08-06,"GGD Groningen",52,51,1
2021-08-06,"GGD Hollands-Midden",109,108,1
2021-08-06,"GGD Kennemerland",71,70,1
2021-08-06,"GGD Regio Utrecht",176,174,2
2021-08-06,"GGD West-Brabant",63,62,1
2021-08-07,"Dienst Gezondheid & Jeugd ZHZ",67,66,1
2021-08-07,"GGD Amsterdam",249,245,4
2021-08-07,"GGD Brabant-Zuidoost",87,86,1
2021-08-07,"GGD Haaglanden",149,150,-1
2021-08-07,"GGD Noord- en Oost-Gelderland",81,82,-1
2021-08-07,"GGD Regio Utrecht",174,173,1
2021-08-07,"Veiligheids- en Gezondheidsregio Gelderland-Midden",71,70,1
2021-08-08,"GGD Fryslân",73,72,1
2021-08-08,"GGD Haaglanden",152,150,2
2021-08-08,"GGD Hart voor Brabant",115,116,-1
2021-08-08,"GGD Hollands-Midden",81,80,1
2021-08-08,"GGD Noord- en Oost-Gelderland",74,71,3
2021-08-08,"GGD Regio Utrecht",131,129,2
2021-08-09,"GGD Amsterdam",247,244,3
2021-08-09,"GGD Brabant-Zuidoost",100,98,2
2021-08-09,"GGD Flevoland",83,82,1
2021-08-09,"GGD Fryslân",79,78,1
2021-08-09,"GGD Gelderland-Zuid",67,66,1
2021-08-09,"GGD Groningen",59,58,1
2021-08-09,"GGD Hart voor Brabant",127,124,3
2021-08-09,"GGD IJsselland",74,73,1
2021-08-09,"GGD Noord- en Oost-Gelderland",98,97,1
2021-08-09,"GGD Regio Utrecht",171,170,1
2021-08-09,"GGD Twente",90,87,3
2021-08-09,"Veiligheids- en Gezondheidsregio Gelderland-Midden",91,90,1
2021-08-10,"GGD Amsterdam",220,216,4
2021-08-10,"GGD Brabant-Zuidoost",84,83,1
2021-08-10,"GGD Flevoland",97,95,2
2021-08-10,"GGD Fryslân",81,80,1
2021-08-10,"GGD Gelderland-Zuid",56,53,3
2021-08-10,"GGD Haaglanden",153,155,-2
2021-08-10,"GGD Hart voor Brabant",122,119,3
2021-08-10,"GGD Kennemerland",74,69,5
2021-08-10,"GGD Limburg-Noord",87,86,1
2021-08-10,"GGD Regio Utrecht",180,177,3
2021-08-10,"GGD Rotterdam-Rijnmond",255,250,5
2021-08-10,"GGD Twente",106,104,2
2021-08-10,"GGD Zaanstreek/Waterland",65,64,1
2021-08-10,"Veiligheids- en Gezondheidsregio Gelderland-Midden",71,72,-1
2021-08-11,"Dienst Gezondheid & Jeugd ZHZ",71,69,2
2021-08-11,"GGD Amsterdam",248,240,8
2021-08-11,"GGD Flevoland",102,100,2
2021-08-11,"GGD Fryslân",73,74,-1
2021-08-11,"GGD Haaglanden",175,174,1
2021-08-11,"GGD Hart voor Brabant",130,129,1
2021-08-11,"GGD Hollands-Midden",108,107,1
2021-08-11,"GGD IJsselland",71,70,1
2021-08-11,"GGD Kennemerland",72,71,1
2021-08-11,"GGD Noord- en Oost-Gelderland",102,103,-1
2021-08-11,"GGD Regio Utrecht",147,143,4
2021-08-11,"GGD Rotterdam-Rijnmond",209,207,2
2021-08-11,"GGD Twente",84,83,1
2021-08-11,"GGD Zaanstreek/Waterland",46,45,1
2021-08-11,"Veiligheids- en Gezondheidsregio Gelderland-Midden",77,75,2
2021-08-12,"Dienst Gezondheid & Jeugd ZHZ",62,60,2
2021-08-12,"GGD Amsterdam",260,255,5
2021-08-12,"GGD Brabant-Zuidoost",75,76,-1
2021-08-12,"GGD Flevoland",99,97,2
2021-08-12,"GGD Fryslân",84,83,1
2021-08-12,"GGD Gelderland-Zuid",65,64,1
2021-08-12,"GGD Gooi en Vechtstreek",38,36,2
2021-08-12,"GGD Groningen",55,52,3
2021-08-12,"GGD Haaglanden",166,165,1
2021-08-12,"GGD Hart voor Brabant",121,118,3
2021-08-12,"GGD Hollands-Midden",102,99,3
2021-08-12,"GGD Hollands-Noorden",85,84,1
2021-08-12,"GGD IJsselland",74,73,1
2021-08-12,"GGD Kennemerland",69,66,3
2021-08-12,"GGD Regio Utrecht",164,158,6
2021-08-12,"GGD Rotterdam-Rijnmond",207,205,2
2021-08-12,"GGD Twente",89,84,5
2021-08-12,"GGD Zaanstreek/Waterland",44,43,1
2021-08-12,"GGD Zeeland",42,41,1
2021-08-12,"Veiligheids- en Gezondheidsregio Gelderland-Midden",74,68,6
2021-08-13,"Dienst Gezondheid & Jeugd ZHZ",59,58,1
2021-08-13,"GGD Amsterdam",213,209,4
2021-08-13,"GGD Flevoland",86,82,4
2021-08-13,"GGD Fryslân",75,74,1
2021-08-13,"GGD Gelderland-Zuid",61,59,2
2021-08-13,"GGD Gooi en Vechtstreek",45,44,1
2021-08-13,"GGD Groningen",57,58,-1
2021-08-13,"GGD Haaglanden",161,148,13
2021-08-13,"GGD Hart voor Brabant",132,130,2
2021-08-13,"GGD Hollands-Noorden",62,60,2
2021-08-13,"GGD IJsselland",59,58,1
2021-08-13,"GGD Limburg-Noord",58,57,1
2021-08-13,"GGD Noord- en Oost-Gelderland",95,94,1
2021-08-13,"GGD Regio Utrecht",149,147,2
2021-08-13,"GGD Rotterdam-Rijnmond",192,189,3
2021-08-13,"GGD West-Brabant",65,66,-1
2021-08-13,"GGD Zaanstreek/Waterland",52,51,1
2021-08-13,"GGD Zeeland",37,35,2
2021-08-13,"Veiligheids- en Gezondheidsregio Gelderland-Midden",91,87,4
2021-08-14,"Dienst Gezondheid & Jeugd ZHZ",65,64,1
2021-08-14,"GGD Amsterdam",193,179,14
2021-08-14,"GGD Brabant-Zuidoost",90,87,3
2021-08-14,"GGD Drenthe",37,36,1
2021-08-14,"GGD Flevoland",88,86,2
2021-08-14,"GGD Fryslân",62,57,5
2021-08-14,"GGD Gelderland-Zuid",81,78,3
2021-08-14,"GGD Gooi en Vechtstreek",29,28,1
2021-08-14,"GGD Groningen",68,65,3
2021-08-14,"GGD Haaglanden",143,141,2
2021-08-14,"GGD Hart voor Brabant",128,125,3
2021-08-14,"GGD Hollands-Midden",73,70,3
2021-08-14,"GGD Hollands-Noorden",76,68,8
2021-08-14,"GGD IJsselland",47,46,1
2021-08-14,"GGD Kennemerland",66,65,1
2021-08-14,"GGD Limburg-Noord",66,63,3
2021-08-14,"GGD Regio Utrecht",125,118,7
2021-08-14,"GGD Rotterdam-Rijnmond",188,177,11
2021-08-14,"GGD Twente",77,76,1
2021-08-14,"GGD West-Brabant",88,82,6
2021-08-14,"GGD Zaanstreek/Waterland",33,34,-1
2021-08-14,"GGD Zeeland",29,28,1
2021-08-14,"GGD Zuid-Limburg",66,63,3
2021-08-14,"Veiligheids- en Gezondheidsregio Gelderland-Midden",71,72,-1
2021-08-15,"Dienst Gezondheid & Jeugd ZHZ",68,64,4
2021-08-15,"GGD Amsterdam",183,163,20
2021-08-15,"GGD Brabant-Zuidoost",68,65,3
2021-08-15,"GGD Drenthe",49,47,2
2021-08-15,"GGD Flevoland",98,91,7
2021-08-15,"GGD Fryslân",66,61,5
2021-08-15,"GGD Gelderland-Zuid",53,52,1
2021-08-15,"GGD Gooi en Vechtstreek",26,23,3
2021-08-15,"GGD Groningen",46,45,1
2021-08-15,"GGD Haaglanden",114,109,5
2021-08-15,"GGD Hart voor Brabant",115,105,10
2021-08-15,"GGD Hollands-Midden",67,64,3
2021-08-15,"GGD Hollands-Noorden",63,60,3
2021-08-15,"GGD IJsselland",74,67,7
2021-08-15,"GGD Kennemerland",63,57,6
2021-08-15,"GGD Limburg-Noord",63,61,2
2021-08-15,"GGD Noord- en Oost-Gelderland",71,67,4
2021-08-15,"GGD Regio Utrecht",144,140,4
2021-08-15,"GGD Rotterdam-Rijnmond",191,180,11
2021-08-15,"GGD Twente",82,75,7
2021-08-15,"GGD West-Brabant",61,59,2
2021-08-15,"GGD Zaanstreek/Waterland",34,31,3
2021-08-15,"GGD Zeeland",35,33,2
2021-08-15,"GGD Zuid-Limburg",50,49,1
2021-08-15,"Veiligheids- en Gezondheidsregio Gelderland-Midden",64,58,6
2021-08-16,"Dienst Gezondheid & Jeugd ZHZ",52,48,4
2021-08-16,"GGD Amsterdam",238,214,24
2021-08-16,"GGD Brabant-Zuidoost",69,65,4
2021-08-16,"GGD Drenthe",45,41,4
2021-08-16,"GGD Flevoland",101,95,6
2021-08-16,"GGD Fryslân",90,73,17
2021-08-16,"GGD Gelderland-Zuid",56,49,7
2021-08-16,"GGD Gooi en Vechtstreek",36,28,8
2021-08-16,"GGD Groningen",50,39,11
2021-08-16,"GGD Haaglanden",163,145,18
2021-08-16,"GGD Hart voor Brabant",103,93,10
2021-08-16,"GGD Hollands-Midden",91,83,8
2021-08-16,"GGD Hollands-Noorden",63,56,7
2021-08-16,"GGD IJsselland",82,78,4
2021-08-16,"GGD Kennemerland",69,62,7
2021-08-16,"GGD Limburg-Noord",61,53,8
2021-08-16,"GGD Noord- en Oost-Gelderland",89,74,15
2021-08-16,"GGD Regio Utrecht",153,139,14
2021-08-16,"GGD Rotterdam-Rijnmond",184,175,9
2021-08-16,"GGD Twente",84,78,6
2021-08-16,"GGD West-Brabant",53,51,2
2021-08-16,"GGD Zaanstreek/Waterland",34,32,2
2021-08-16,"GGD Zeeland",41,38,3
2021-08-16,"GGD Zuid-Limburg",50,44,6
2021-08-16,"Veiligheids- en Gezondheidsregio Gelderland-Midden",65,55,10
2021-08-17,"Dienst Gezondheid & Jeugd ZHZ",49,44,5
2021-08-17,"GGD Amsterdam",204,175,29
2021-08-17,"GGD Brabant-Zuidoost",73,66,7
2021-08-17,"GGD Drenthe",49,42,7
2021-08-17,"GGD Flevoland",84,66,18
2021-08-17,"GGD Fryslân",85,59,26
2021-08-17,"GGD Gelderland-Zuid",43,38,5
2021-08-17,"GGD Gooi en Vechtstreek",27,16,11
2021-08-17,"GGD Groningen",56,48,8
2021-08-17,"GGD Haaglanden",126,109,17
2021-08-17,"GGD Hart voor Brabant",73,65,8
2021-08-17,"GGD Hollands-Midden",81,73,8
2021-08-17,"GGD Hollands-Noorden",65,56,9
2021-08-17,"GGD IJsselland",60,55,5
2021-08-17,"GGD Kennemerland",55,47,8
2021-08-17,"GGD Limburg-Noord",35,30,5
2021-08-17,"GGD Noord- en Oost-Gelderland",88,80,8
2021-08-17,"GGD Regio Utrecht",118,90,28
2021-08-17,"GGD Rotterdam-Rijnmond",183,164,19
2021-08-17,"GGD Twente",72,64,8
2021-08-17,"GGD West-Brabant",44,37,7
2021-08-17,"GGD Zaanstreek/Waterland",32,29,3
2021-08-17,"GGD Zeeland",38,32,6
2021-08-17,"GGD Zuid-Limburg",50,44,6
2021-08-17,"Veiligheids- en Gezondheidsregio Gelderland-Midden",44,39,5
2021-08-18,"Dienst Gezondheid & Jeugd ZHZ",55,49,6
2021-08-18,"GGD Amsterdam",154,129,25
2021-08-18,"GGD Brabant-Zuidoost",47,35,12
2021-08-18,"GGD Drenthe",31,23,8
2021-08-18,"GGD Flevoland",45,31,14
2021-08-18,"GGD Fryslân",57,35,22
2021-08-18,"GGD Gelderland-Zuid",63,54,9
2021-08-18,"GGD Gooi en Vechtstreek",15,13,2
2021-08-18,"GGD Groningen",38,32,6
2021-08-18,"GGD Haaglanden",118,94,24
2021-08-18,"GGD Hart voor Brabant",93,74,19
2021-08-18,"GGD Hollands-Midden",58,49,9
2021-08-18,"GGD Hollands-Noorden",47,26,21
2021-08-18,"GGD IJsselland",50,41,9
2021-08-18,"GGD Kennemerland",54,38,16
2021-08-18,"GGD Limburg-Noord",33,21,12
2021-08-18,"GGD Noord- en Oost-Gelderland",60,55,5
2021-08-18,"GGD Regio Utrecht",100,70,30
2021-08-18,"GGD Rotterdam-Rijnmond",160,148,12
2021-08-18,"GGD Twente",63,48,15
2021-08-18,"GGD West-Brabant",38,26,12
2021-08-18,"GGD Zaanstreek/Waterland",32,26,6
2021-08-18,"GGD Zeeland",34,20,14
2021-08-18,"GGD Zuid-Limburg",40,32,8
2021-08-18,"Veiligheids- en Gezondheidsregio Gelderland-Midden",46,33,13
2021-08-19,"Dienst Gezondheid & Jeugd ZHZ",29,27,2
2021-08-19,"GGD Amsterdam",149,169,-20
2021-08-19,"GGD Brabant-Zuidoost",32,28,4
2021-08-19,"GGD Drenthe",35,24,11
2021-08-19,"GGD Flevoland",55,53,2
2021-08-19,"GGD Fryslân",43,35,8
2021-08-19,"GGD Gelderland-Zuid",37,26,11
2021-08-19,"GGD Gooi en Vechtstreek",18,8,10
2021-08-19,"GGD Groningen",38,32,6
2021-08-19,"GGD Haaglanden",96,88,8
2021-08-19,"GGD Hart voor Brabant",64,73,-9
2021-08-19,"GGD Hollands-Midden",52,47,5
2021-08-19,"GGD Hollands-Noorden",35,21,14
2021-08-19,"GGD IJsselland",32,22,10
2021-08-19,"GGD Kennemerland",40,36,4
2021-08-19,"GGD Limburg-Noord",43,39,4
2021-08-19,"GGD Noord- en Oost-Gelderland",53,60,-7
2021-08-19,"GGD Regio Utrecht",94,85,9
2021-08-19,"GGD Rotterdam-Rijnmond",123,139,-16
2021-08-19,"GGD Twente",66,48,18
2021-08-19,"GGD West-Brabant",30,22,8
2021-08-19,"GGD Zaanstreek/Waterland",21,22,-1
2021-08-19,"GGD Zuid-Limburg",28,20,8
2021-08-19,"Veiligheids- en Gezondheidsregio Gelderland-Midden",37,45,-8
2021-08-20,"Dienst Gezondheid & Jeugd ZHZ",37,23,14
2021-08-20,"GGD Amsterdam",162,173,-11
2021-08-20,"GGD Brabant-Zuidoost",36,54,-18
2021-08-20,"GGD Drenthe",19,11,8
2021-08-20,"GGD Flevoland",39,8,31
2021-08-20,"GGD Fryslân",31,21,10
2021-08-20,"GGD Gelderland-Zuid",31,43,-12
2021-08-20,"GGD Gooi en Vechtstreek",11,7,4
2021-08-20,"GGD Groningen",24,40,-16
2021-08-20,"GGD Haaglanden",87,128,-41
2021-08-20,"GGD Hart voor Brabant",88,110,-22
2021-08-20,"GGD Hollands-Midden",28,46,-18
2021-08-20,"GGD Hollands-Noorden",24,6,18
2021-08-20,"GGD IJsselland",41,43,-2
2021-08-20,"GGD Kennemerland",31,56,-25
2021-08-20,"GGD Limburg-Noord",32,1,31
2021-08-20,"GGD Noord- en Oost-Gelderland",61,64,-3
2021-08-20,"GGD Regio Utrecht",73,118,-45
2021-08-20,"GGD Rotterdam-Rijnmond",191,104,87
2021-08-20,"GGD Twente",33,34,-1
2021-08-20,"GGD West-Brabant",24,8,16
2021-08-20,"GGD Zaanstreek/Waterland",35,39,-4
2021-08-20,"GGD Zeeland",28,6,22
2021-08-20,"GGD Zuid-Limburg",15,31,-16
2021-08-20,"Veiligheids- en Gezondheidsregio Gelderland-Midden",46,72,-26
2021-08-21,"Dienst Gezondheid & Jeugd ZHZ",32,7,25
2021-08-21,"GGD Amsterdam",156,1,155
2021-08-21,"GGD Brabant-Zuidoost",56,1,55
2021-08-21,"GGD Fryslân",4,1,3
2021-08-21,"GGD Gelderland-Zuid",37,22,15
2021-08-21,"GGD Haaglanden",105,11,94
2021-08-21,"GGD Hart voor Brabant",89,2,87
2021-08-21,"GGD Hollands-Midden",50,11,39
2021-08-21,"GGD IJsselland",36,8,28
2021-08-21,"GGD Kennemerland",33,17,16
2021-08-21,"GGD Regio Utrecht",121,37,84
2021-08-21,"GGD Rotterdam-Rijnmond",123,8,115
2021-08-21,"GGD Twente",28,1,27
2021-08-21,"GGD Zaanstreek/Waterland",45,23,22
2021-08-21,"Veiligheids- en Gezondheidsregio Gelderland-Midden",78,9,69
