"Date_statistics","Municipal_health_service","cases.today","cases.yesterday","diff"
2020-08-08,"GGD Rotterdam-Rijnmond",110,111,-1
2021-01-10,"GGD Twente",267,266,1
2021-01-11,"GGD Twente",356,355,1
2021-01-13,"GGD Twente",293,294,-1
2021-01-14,"GGD Twente",238,237,1
2021-01-15,"GGD Twente",249,251,-2
2021-01-16,"GGD Twente",243,242,1
2021-01-17,"GGD Twente",225,222,3
2021-01-18,"GGD Twente",313,312,1
2021-01-19,"GGD Twente",273,276,-3
2021-01-21,"GGD Twente",214,215,-1
2021-01-22,"GGD Twente",218,219,-1
2021-02-01,"GGD Twente",152,151,1
2021-02-06,"GGD Twente",125,126,-1
2021-02-07,"GGD Twente",106,104,2
2021-02-11,"GGD Twente",108,109,-1
2021-02-14,"GGD Twente",107,105,2
2021-02-15,"GGD Twente",138,137,1
2021-02-17,"GGD Twente",144,147,-3
2021-02-21,"GGD Twente",104,103,1
2021-02-23,"GGD Twente",137,138,-1
2021-02-24,"GGD Twente",119,118,1
2021-02-26,"GGD Twente",105,106,-1
2021-02-27,"GGD Twente",100,102,-2
2021-03-02,"GGD Twente",114,112,2
2021-03-03,"GGD Twente",117,114,3
2021-03-04,"GGD Twente",97,96,1
2021-03-05,"GGD Twente",138,137,1
2021-03-06,"GGD Twente",134,140,-6
2021-03-07,"GGD Twente",126,127,-1
2021-03-09,"GGD Rotterdam-Rijnmond",505,504,1
2021-03-12,"GGD Twente",149,150,-1
2021-03-13,"GGD Twente",138,137,1
2021-06-06,"GGD Regio Utrecht",103,102,1
2021-06-26,"GGD Kennemerland",27,26,1
2021-06-28,"GGD Regio Utrecht",54,53,1
2021-07-01,"GGD Regio Utrecht",106,105,1
2021-07-04,"GGD Regio Utrecht",354,353,1
2021-07-05,"GGD Regio Utrecht",708,706,2
2021-07-06,"GGD Amsterdam",1624,1623,1
2021-07-06,"GGD Haaglanden",570,569,1
2021-07-06,"GGD Regio Utrecht",1090,1077,13
2021-07-07,"GGD Regio Utrecht",1094,1084,10
2021-07-08,"GGD Haaglanden",566,567,-1
2021-07-08,"GGD Regio Utrecht",1037,1031,6
2021-07-08,"GGD Zaanstreek/Waterland",175,174,1
2021-07-09,"GGD Amsterdam",1173,1174,-1
2021-07-09,"GGD Regio Utrecht",996,988,8
2021-07-10,"GGD Regio Utrecht",943,963,-20
2021-07-10,"GGD Zuid-Limburg",183,182,1
2021-07-11,"GGD Amsterdam",1327,1326,1
2021-07-11,"GGD Hart voor Brabant",555,554,1
2021-07-11,"GGD Regio Utrecht",867,884,-17
2021-07-12,"GGD Amsterdam",1587,1586,1
2021-07-12,"GGD Regio Utrecht",952,955,-3
2021-07-13,"Dienst Gezondheid & Jeugd ZHZ",264,263,1
2021-07-13,"GGD Amsterdam",1341,1340,1
2021-07-13,"GGD Regio Utrecht",858,859,-1
2021-07-13,"Veiligheids- en Gezondheidsregio Gelderland-Midden",402,401,1
2021-07-14,"GGD Groningen",312,307,5
2021-07-14,"GGD Regio Utrecht",727,728,-1
2021-07-15,"Dienst Gezondheid & Jeugd ZHZ",181,182,-1
2021-07-15,"GGD Groningen",230,228,2
2021-07-16,"GGD Groningen",295,299,-4
2021-07-16,"GGD Hollands-Midden",330,329,1
2021-07-17,"GGD Amsterdam",633,632,1
2021-07-17,"GGD Groningen",216,217,-1
2021-07-17,"GGD Rotterdam-Rijnmond",673,672,1
2021-07-18,"GGD Amsterdam",570,569,1
2021-07-18,"GGD Groningen",197,199,-2
2021-07-19,"GGD Hollands-Midden",239,240,-1
2021-07-19,"GGD Zuid-Limburg",242,241,1
2021-07-20,"GGD Amsterdam",540,539,1
2021-07-20,"GGD Hollands-Noorden",234,233,1
2021-07-20,"GGD Kennemerland",198,197,1
2021-07-20,"GGD Regio Utrecht",414,412,2
2021-07-20,"GGD Zaanstreek/Waterland",105,104,1
2021-07-21,"GGD Regio Utrecht",395,396,-1
2021-07-22,"GGD Brabant-Zuidoost",276,275,1
2021-07-22,"GGD Twente",152,151,1
2021-07-23,"GGD Amsterdam",347,346,1
2021-07-23,"GGD Drenthe",63,61,2
2021-07-23,"GGD Groningen",107,106,1
2021-07-23,"GGD Hollands-Noorden",126,125,1
2021-07-23,"GGD Twente",174,173,1
2021-07-24,"GGD Fryslân",115,114,1
2021-07-24,"GGD Gooi en Vechtstreek",62,61,1
2021-07-24,"GGD Hart voor Brabant",247,246,1
2021-07-25,"GGD Hollands-Noorden",112,113,-1
2021-07-25,"GGD Rotterdam-Rijnmond",295,292,3
2021-07-26,"GGD Amsterdam",319,318,1
2021-07-26,"GGD Brabant-Zuidoost",177,175,2
2021-07-26,"GGD Flevoland",106,105,1
2021-07-26,"GGD Gelderland-Zuid",81,79,2
2021-07-26,"GGD Kennemerland",103,102,1
2021-07-26,"GGD Limburg-Noord",105,106,-1
2021-07-26,"Veiligheids- en Gezondheidsregio Gelderland-Midden",145,143,2
2021-07-27,"GGD Amsterdam",297,295,2
2021-07-27,"GGD Brabant-Zuidoost",166,165,1
2021-07-27,"GGD Fryslân",85,84,1
2021-07-27,"GGD IJsselland",80,79,1
2021-07-27,"GGD Limburg-Noord",87,86,1
2021-07-27,"GGD Rotterdam-Rijnmond",302,299,3
2021-07-27,"GGD Zaanstreek/Waterland",58,57,1
2021-07-27,"Veiligheids- en Gezondheidsregio Gelderland-Midden",127,126,1
2021-07-28,"GGD Gelderland-Zuid",103,102,1
2021-07-28,"GGD Hollands-Noorden",106,105,1
2021-07-28,"GGD Rotterdam-Rijnmond",297,295,2
2021-07-28,"GGD West-Brabant",114,113,1
2021-07-28,"Veiligheids- en Gezondheidsregio Gelderland-Midden",113,112,1
2021-07-29,"GGD Amsterdam",224,223,1
2021-07-29,"GGD Flevoland",78,79,-1
2021-07-29,"GGD Haaglanden",204,201,3
2021-07-29,"GGD Hart voor Brabant",205,203,2
2021-07-29,"GGD Hollands-Noorden",98,97,1
2021-07-29,"GGD IJsselland",73,72,1
2021-07-29,"GGD Kennemerland",76,75,1
2021-07-29,"GGD Limburg-Noord",83,82,1
2021-07-29,"GGD Rotterdam-Rijnmond",254,255,-1
2021-07-29,"GGD Twente",106,105,1
2021-07-30,"GGD Amsterdam",194,193,1
2021-07-30,"GGD Brabant-Zuidoost",136,135,1
2021-07-30,"GGD Flevoland",76,74,2
2021-07-30,"GGD Gelderland-Zuid",47,46,1
2021-07-30,"GGD Haaglanden",183,181,2
2021-07-30,"GGD Hart voor Brabant",169,168,1
2021-07-30,"GGD IJsselland",52,51,1
2021-07-30,"GGD Regio Utrecht",167,166,1
2021-07-30,"GGD Rotterdam-Rijnmond",260,259,1
2021-07-30,"GGD Twente",100,98,2
2021-07-30,"Veiligheids- en Gezondheidsregio Gelderland-Midden",76,75,1
2021-07-31,"GGD Amsterdam",203,201,2
2021-07-31,"GGD Flevoland",80,79,1
2021-07-31,"GGD Gelderland-Zuid",80,79,1
2021-07-31,"GGD Gooi en Vechtstreek",34,33,1
2021-07-31,"GGD Haaglanden",165,164,1
2021-07-31,"GGD Hart voor Brabant",172,167,5
2021-07-31,"GGD Hollands-Midden",117,116,1
2021-07-31,"GGD Hollands-Noorden",81,80,1
2021-07-31,"GGD Kennemerland",87,85,2
2021-07-31,"GGD Regio Utrecht",155,152,3
2021-07-31,"GGD Rotterdam-Rijnmond",231,227,4
2021-07-31,"GGD Twente",105,104,1
2021-07-31,"GGD Zaanstreek/Waterland",46,44,2
2021-08-01,"GGD Amsterdam",184,182,2
2021-08-01,"GGD Brabant-Zuidoost",102,99,3
2021-08-01,"GGD Groningen",68,67,1
2021-08-01,"GGD Hart voor Brabant",160,155,5
2021-08-01,"GGD Hollands-Midden",117,116,1
2021-08-01,"GGD Hollands-Noorden",86,87,-1
2021-08-01,"GGD IJsselland",59,57,2
2021-08-01,"GGD Kennemerland",78,77,1
2021-08-01,"GGD Limburg-Noord",72,71,1
2021-08-01,"GGD Noord- en Oost-Gelderland",86,87,-1
2021-08-01,"GGD Regio Utrecht",170,168,2
2021-08-01,"GGD Rotterdam-Rijnmond",219,216,3
2021-08-01,"GGD West-Brabant",74,72,2
2021-08-01,"GGD Zaanstreek/Waterland",53,51,2
2021-08-01,"GGD Zeeland",46,45,1
2021-08-01,"GGD Zuid-Limburg",83,80,3
2021-08-01,"Veiligheids- en Gezondheidsregio Gelderland-Midden",88,85,3
2021-08-02,"GGD Amsterdam",226,216,10
2021-08-02,"GGD Brabant-Zuidoost",129,128,1
2021-08-02,"GGD Drenthe",24,23,1
2021-08-02,"GGD Flevoland",86,85,1
2021-08-02,"GGD Fryslân",83,78,5
2021-08-02,"GGD Gooi en Vechtstreek",22,21,1
2021-08-02,"GGD Groningen",62,59,3
2021-08-02,"GGD Haaglanden",197,196,1
2021-08-02,"GGD Hart voor Brabant",172,166,6
2021-08-02,"GGD Hollands-Midden",127,124,3
2021-08-02,"GGD Hollands-Noorden",73,70,3
2021-08-02,"GGD IJsselland",71,69,2
2021-08-02,"GGD Kennemerland",88,87,1
2021-08-02,"GGD Limburg-Noord",86,77,9
2021-08-02,"GGD Noord- en Oost-Gelderland",113,108,5
2021-08-02,"GGD Regio Utrecht",137,135,2
2021-08-02,"GGD Rotterdam-Rijnmond",247,238,9
2021-08-02,"GGD Twente",98,95,3
2021-08-02,"GGD West-Brabant",83,82,1
2021-08-02,"GGD Zaanstreek/Waterland",51,47,4
2021-08-02,"GGD Zeeland",55,50,5
2021-08-02,"Veiligheids- en Gezondheidsregio Gelderland-Midden",96,94,2
2021-08-03,"Dienst Gezondheid & Jeugd ZHZ",43,42,1
2021-08-03,"GGD Amsterdam",255,248,7
2021-08-03,"GGD Brabant-Zuidoost",104,99,5
2021-08-03,"GGD Flevoland",71,68,3
2021-08-03,"GGD Fryslân",75,74,1
2021-08-03,"GGD Gelderland-Zuid",56,55,1
2021-08-03,"GGD Gooi en Vechtstreek",32,28,4
2021-08-03,"GGD Groningen",56,53,3
2021-08-03,"GGD Haaglanden",181,173,8
2021-08-03,"GGD Hart voor Brabant",118,114,4
2021-08-03,"GGD Hollands-Midden",131,129,2
2021-08-03,"GGD Hollands-Noorden",72,65,7
2021-08-03,"GGD IJsselland",61,60,1
2021-08-03,"GGD Kennemerland",114,110,4
2021-08-03,"GGD Limburg-Noord",97,92,5
2021-08-03,"GGD Noord- en Oost-Gelderland",89,88,1
2021-08-03,"GGD Regio Utrecht",130,126,4
2021-08-03,"GGD Rotterdam-Rijnmond",229,222,7
2021-08-03,"GGD West-Brabant",87,84,3
2021-08-03,"GGD Zaanstreek/Waterland",43,45,-2
2021-08-03,"GGD Zeeland",67,63,4
2021-08-03,"GGD Zuid-Limburg",100,93,7
2021-08-03,"Veiligheids- en Gezondheidsregio Gelderland-Midden",73,72,1
2021-08-04,"Dienst Gezondheid & Jeugd ZHZ",54,53,1
2021-08-04,"GGD Amsterdam",220,204,16
2021-08-04,"GGD Brabant-Zuidoost",98,95,3
2021-08-04,"GGD Drenthe",26,24,2
2021-08-04,"GGD Flevoland",74,65,9
2021-08-04,"GGD Fryslân",84,79,5
2021-08-04,"GGD Gelderland-Zuid",55,53,2
2021-08-04,"GGD Gooi en Vechtstreek",25,16,9
2021-08-04,"GGD Groningen",48,43,5
2021-08-04,"GGD Haaglanden",174,160,14
2021-08-04,"GGD Hart voor Brabant",127,121,6
2021-08-04,"GGD Hollands-Midden",81,77,4
2021-08-04,"GGD Hollands-Noorden",66,60,6
2021-08-04,"GGD IJsselland",41,39,2
2021-08-04,"GGD Kennemerland",85,79,6
2021-08-04,"GGD Limburg-Noord",58,56,2
2021-08-04,"GGD Noord- en Oost-Gelderland",82,78,4
2021-08-04,"GGD Regio Utrecht",125,120,5
2021-08-04,"GGD Rotterdam-Rijnmond",193,186,7
2021-08-04,"GGD Twente",80,75,5
2021-08-04,"GGD West-Brabant",79,76,3
2021-08-04,"GGD Zeeland",63,58,5
2021-08-04,"GGD Zuid-Limburg",74,71,3
2021-08-04,"Veiligheids- en Gezondheidsregio Gelderland-Midden",67,65,2
2021-08-05,"Dienst Gezondheid & Jeugd ZHZ",46,41,5
2021-08-05,"GGD Amsterdam",192,172,20
2021-08-05,"GGD Brabant-Zuidoost",71,64,7
2021-08-05,"GGD Drenthe",33,28,5
2021-08-05,"GGD Flevoland",60,50,10
2021-08-05,"GGD Fryslân",75,67,8
2021-08-05,"GGD Gelderland-Zuid",81,73,8
2021-08-05,"GGD Gooi en Vechtstreek",22,26,-4
2021-08-05,"GGD Groningen",48,45,3
2021-08-05,"GGD Haaglanden",150,139,11
2021-08-05,"GGD Hart voor Brabant",98,95,3
2021-08-05,"GGD Hollands-Midden",89,82,7
2021-08-05,"GGD Hollands-Noorden",76,67,9
2021-08-05,"GGD IJsselland",50,42,8
2021-08-05,"GGD Kennemerland",54,51,3
2021-08-05,"GGD Limburg-Noord",60,58,2
2021-08-05,"GGD Noord- en Oost-Gelderland",64,55,9
2021-08-05,"GGD Regio Utrecht",150,142,8
2021-08-05,"GGD Rotterdam-Rijnmond",186,166,20
2021-08-05,"GGD Twente",77,70,7
2021-08-05,"GGD West-Brabant",66,62,4
2021-08-05,"GGD Zaanstreek/Waterland",41,36,5
2021-08-05,"GGD Zeeland",46,42,4
2021-08-05,"GGD Zuid-Limburg",96,89,7
2021-08-05,"Veiligheids- en Gezondheidsregio Gelderland-Midden",80,68,12
2021-08-06,"Dienst Gezondheid & Jeugd ZHZ",48,46,2
2021-08-06,"GGD Amsterdam",177,150,27
2021-08-06,"GGD Brabant-Zuidoost",54,45,9
2021-08-06,"GGD Drenthe",25,22,3
2021-08-06,"GGD Flevoland",46,38,8
2021-08-06,"GGD Fryslân",51,49,2
2021-08-06,"GGD Gelderland-Zuid",49,40,9
2021-08-06,"GGD Gooi en Vechtstreek",27,23,4
2021-08-06,"GGD Groningen",40,33,7
2021-08-06,"GGD Haaglanden",130,108,22
2021-08-06,"GGD Hart voor Brabant",93,85,8
2021-08-06,"GGD Hollands-Midden",91,77,14
2021-08-06,"GGD Hollands-Noorden",65,56,9
2021-08-06,"GGD IJsselland",64,59,5
2021-08-06,"GGD Kennemerland",55,45,10
2021-08-06,"GGD Limburg-Noord",73,65,8
2021-08-06,"GGD Regio Utrecht",128,112,16
2021-08-06,"GGD Rotterdam-Rijnmond",180,160,20
2021-08-06,"GGD Twente",81,74,7
2021-08-06,"GGD West-Brabant",44,39,5
2021-08-06,"GGD Zaanstreek/Waterland",42,29,13
2021-08-06,"GGD Zeeland",41,34,7
2021-08-06,"GGD Zuid-Limburg",44,38,6
2021-08-06,"Veiligheids- en Gezondheidsregio Gelderland-Midden",60,57,3
2021-08-07,"Dienst Gezondheid & Jeugd ZHZ",50,43,7
2021-08-07,"GGD Amsterdam",160,135,25
2021-08-07,"GGD Brabant-Zuidoost",58,39,19
2021-08-07,"GGD Drenthe",21,17,4
2021-08-07,"GGD Flevoland",40,25,15
2021-08-07,"GGD Fryslân",44,34,10
2021-08-07,"GGD Gelderland-Zuid",29,23,6
2021-08-07,"GGD Gooi en Vechtstreek",17,14,3
2021-08-07,"GGD Groningen",32,21,11
2021-08-07,"GGD Haaglanden",102,77,25
2021-08-07,"GGD Hart voor Brabant",86,72,14
2021-08-07,"GGD Hollands-Midden",73,51,22
2021-08-07,"GGD Hollands-Noorden",45,30,15
2021-08-07,"GGD IJsselland",35,25,10
2021-08-07,"GGD Kennemerland",43,29,14
2021-08-07,"GGD Limburg-Noord",52,41,11
2021-08-07,"GGD Noord- en Oost-Gelderland",49,40,9
2021-08-07,"GGD Regio Utrecht",108,86,22
2021-08-07,"GGD Rotterdam-Rijnmond",120,106,14
2021-08-07,"GGD Twente",63,49,14
2021-08-07,"GGD West-Brabant",43,29,14
2021-08-07,"GGD Zaanstreek/Waterland",36,24,12
2021-08-07,"GGD Zeeland",38,23,15
2021-08-07,"GGD Zuid-Limburg",51,38,13
2021-08-07,"Veiligheids- en Gezondheidsregio Gelderland-Midden",40,33,7
2021-08-08,"Dienst Gezondheid & Jeugd ZHZ",22,17,5
2021-08-08,"GGD Amsterdam",116,98,18
2021-08-08,"GGD Brabant-Zuidoost",46,39,7
2021-08-08,"GGD Drenthe",12,3,9
2021-08-08,"GGD Flevoland",39,40,-1
2021-08-08,"GGD Fryslân",34,16,18
2021-08-08,"GGD Gelderland-Zuid",35,18,17
2021-08-08,"GGD Gooi en Vechtstreek",12,9,3
2021-08-08,"GGD Groningen",31,21,10
2021-08-08,"GGD Haaglanden",77,59,18
2021-08-08,"GGD Hart voor Brabant",53,43,10
2021-08-08,"GGD Hollands-Midden",48,30,18
2021-08-08,"GGD Hollands-Noorden",56,34,22
2021-08-08,"GGD IJsselland",26,23,3
2021-08-08,"GGD Kennemerland",43,28,15
2021-08-08,"GGD Limburg-Noord",35,19,16
2021-08-08,"GGD Noord- en Oost-Gelderland",38,45,-7
2021-08-08,"GGD Regio Utrecht",63,46,17
2021-08-08,"GGD Rotterdam-Rijnmond",90,74,16
2021-08-08,"GGD Twente",51,35,16
2021-08-08,"GGD West-Brabant",27,13,14
2021-08-08,"GGD Zaanstreek/Waterland",23,37,-14
2021-08-08,"GGD Zeeland",18,12,6
2021-08-08,"GGD Zuid-Limburg",40,25,15
2021-08-08,"Veiligheids- en Gezondheidsregio Gelderland-Midden",37,27,10
2021-08-09,"Dienst Gezondheid & Jeugd ZHZ",40,37,3
2021-08-09,"GGD Amsterdam",131,148,-17
2021-08-09,"GGD Brabant-Zuidoost",42,71,-29
2021-08-09,"GGD Drenthe",10,3,7
2021-08-09,"GGD Flevoland",33,21,12
2021-08-09,"GGD Fryslân",17,7,10
2021-08-09,"GGD Gelderland-Zuid",14,45,-31
2021-08-09,"GGD Gooi en Vechtstreek",7,3,4
2021-08-09,"GGD Groningen",20,36,-16
2021-08-09,"GGD Haaglanden",72,103,-31
2021-08-09,"GGD Hart voor Brabant",46,71,-25
2021-08-09,"GGD Hollands-Midden",46,88,-42
2021-08-09,"GGD Hollands-Noorden",20,17,3
2021-08-09,"GGD IJsselland",27,41,-14
2021-08-09,"GGD Kennemerland",17,47,-30
2021-08-09,"GGD Limburg-Noord",36,10,26
2021-08-09,"GGD Noord- en Oost-Gelderland",48,62,-14
2021-08-09,"GGD Regio Utrecht",45,62,-17
2021-08-09,"GGD Rotterdam-Rijnmond",132,67,65
2021-08-09,"GGD Twente",30,29,1
2021-08-09,"GGD West-Brabant",28,17,11
2021-08-09,"GGD Zaanstreek/Waterland",21,30,-9
2021-08-09,"GGD Zeeland",14,27,-13
2021-08-09,"GGD Zuid-Limburg",34,36,-2
2021-08-09,"Veiligheids- en Gezondheidsregio Gelderland-Midden",76,82,-6
2021-08-10,"Dienst Gezondheid & Jeugd ZHZ",29,4,25
2021-08-10,"GGD Brabant-Zuidoost",30,7,23
2021-08-10,"GGD Fryslân",10,2,8
2021-08-10,"GGD Gelderland-Zuid",19,18,1
2021-08-10,"GGD Groningen",21,22,-1
2021-08-10,"GGD Haaglanden",39,24,15
2021-08-10,"GGD Hart voor Brabant",44,28,16
2021-08-10,"GGD Hollands-Midden",44,23,21
2021-08-10,"GGD IJsselland",42,18,24
2021-08-10,"GGD Kennemerland",15,10,5
2021-08-10,"GGD Regio Utrecht",86,12,74
2021-08-10,"GGD Rotterdam-Rijnmond",69,2,67
2021-08-10,"GGD Twente",18,7,11
2021-08-10,"GGD Zaanstreek/Waterland",19,4,15
2021-08-10,"GGD Zuid-Limburg",39,1,38
2021-08-10,"Veiligheids- en Gezondheidsregio Gelderland-Midden",49,2,47
